400000
15472
854219
106530
723339
483530
482797
967433
348690
536269
258441
422107
857582
117173
795774
942603
516784
633630
464537
121346
114100
515551
870767
592070
303668
180101
12595
291505
634139
511334
2112
929838
474722
646719
251198
113154
869804
29614
906297
687299
426964
237068
956367
799138
775121
584487
476690
119889
242857
364424
352669
793546
32462
805788
138319
68425
219140
959011
644800
97332
187465
710748
987988
496902
474871
642555
546946
738118
422746
308593
263400
935203
450117
41009
628952
336308
7059
371765
273295
293908
813059
171606
447669
925634
838406
23837
38296
236917
258302
108284
399341
917133
95277
152032
134811
66644
861370
89141
736058
248787
702134
585346
912461
279251
678624
738207
482232
48576
192646
6224
722018
540984
797264
808879
923924
685041
794621
316263
326933
556247
465710
846866
761884
273257
248512
888386
182305
158500
971043
561832
124098
825349
145189
117249
410212
671324
674375
48534
282317
604869
702215
37297
959136
699152
470590
872661
165603
141923
321119
136595
1594
775442
782083
367256
199678
207661
751399
656661
693543
219948
460675
69107
505511
942553
958019
754820
180789
302845
619250
466567
911430
745478
682166
493506
903361
597696
530298
440541
239095
80429
714149
526470
323118
437106
4243
944711
501138
693261
844780
464819
587272
832066
578310
39322
467737
802087
282076
12248
244717
960879
725234
52052
933819
619223
643347
918045
428047
704969
710793
46183
243612
907895
269885
397929
462272
654127
595730
667907
717100
853857
81740
856194
363192
303877
866465
850276
49123
272981
108499
282654
52197
675123
931709
4151
478521
738297
196324
581588
16561
481053
199792
482921
129858
676179
251539
562295
694977
311502
793330
174242
865614
381423
778782
948658
412621
195613
121594
639271
419070
324949
556446
307788
278747
665465
123309
556513
67622
216772
47859
271604
421073
724223
312757
595527
26124
995884
756130
642598
914879
299659
709083
380143
144177
95647
900531
358366
187535
659680
899606
472702
960350
257478
297718
838481
856486
99943
972921
889839
598900
722290
397903
719986
793011
840710
378587
139565
811415
480530
367632
273410
317203
321183
632680
62713
714216
81408
980916
17915
148730
823193
194648
291224
228164
676019
303629
280611
498586
948902
121313
771010
978592
490528
665024
261831
26943
526002
924366
674124
831027
977150
794541
93932
96340
514439
586781
718962
627159
723782
915823
100264
813665
559883
31675
754417
583856
717163
901566
441601
999508
146676
741815
359526
717704
540069
664572
451665
562237
732292
751521
536632
722446
381301
832339
190550
696434
214065
170767
591834
298572
553186
75547
856255
944265
954104
772331
82227
393358
345152
725981
572940
736321
601479
150499
787451
434857
852468
992097
108299
716667
666843
21234
452883
703884
750989
965744
285534
47171
69265
533187
846660
224260
147924
597306
649890
754969
651799
90064
651262
617573
743029
213384
970675
323273
607771
299427
517593
840452
220506
896267
201594
548544
682941
605671
515189
728315
358854
986253
195811
333341
105901
892818
91218
973611
912010
348221
787525
513603
838708
623279
492033
879232
90471
862440
792532
431536
558363
120485
335867
517143
517814
780585
546797
701312
818822
97163
548026
888621
945274
757083
832634
341067
626925
912090
957604
70733
274582
692981
202073
61443
656105
506014
261662
945917
551920
989181
14229
544997
718976
502065
749747
121797
438900
695316
986646
393400
605169
681278
121499
948085
546342
930050
551687
171607
369959
442814
853671
529085
879769
751140
36599
924373
266129
974787
967413
708675
81538
849087
879165
698352
212951
476902
263994
13060
785895
790736
6342
180244
716080
581939
701928
525649
203144
456378
224251
416239
379025
646439
779183
62423
158241
888326
204196
233745
771084
881438
86734
493027
28699
53870
810438
772300
30513
700718
121586
263131
35200
711973
276715
112923
120087
33940
180183
611462
752694
191521
859823
37059
695369
763599
127191
396444
255586
565750
858746
598931
999038
875210
609790
84663
719396
589823
645047
783430
620923
80578
390573
482972
429899
495783
126644
925274
589527
150493
440940
31716
993495
106424
272166
925315
39791
173227
643440
106627
817168
495987
158923
881399
542180
198899
10820
448887
243771
814340
267420
399066
850074
169137
459242
681797
865030
289541
644098
481257
895459
493151
953711
609272
330611
469080
592483
188204
457815
38590
333032
50747
125940
591024
314627
507118
169102
795547
714105
38376
52937
914842
624959
525704
358694
788992
212494
484309
989000
900802
410309
906219
735106
698580
516801
63915
617578
436771
359494
485589
337108
314044
445067
538149
916152
409273
485193
271078
602747
245694
285257
227503
150099
657138
809374
296947
779057
288001
725785
472478
874242
939908
47053
97217
469538
45257
969419
656259
78666
167198
987385
153823
540934
415
998779
67906
380505
633048
458266
741140
719557
1228
294636
797214
802212
969954
545384
238985
288330
426331
341238
455413
992427
516178
18488
231376
423831
703439
733888
431577
30140
390871
215642
812759
580440
775693
672207
979829
373658
209508
571195
777600
541558
271279
446837
788830
478657
150023
827844
207498
803144
332054
704599
247548
35835
698274
327934
702495
846071
4586
564004
113807
383582
244343
755716
961575
28027
606833
154601
195532
338591
609528
750754
857201
795117
878088
315109
920035
362875
776155
790563
721667
676948
987397
615364
706487
138324
798967
60018
722754
329909
663944
90699
321067
519829
274580
528408
848538
18178
909781
872428
31865
543670
460807
927260
801883
782003
469453
892695
613721
153599
396611
54277
13279
660608
854097
132546
649787
780898
353933
552050
877151
568308
423883
359923
396729
693797
823491
548065
471753
286441
676686
216299
258922
16127
182736
961236
822308
742088
111189
304583
477067
12689
147611
107305
504524
726054
336360
306583
392043
819066
200491
762650
95972
650083
647092
521168
7959
404873
785919
646619
757999
250575
554909
69618
337713
53793
725443
212475
179129
882771
916464
983779
294248
656107
520592
609656
408175
221950
899222
475612
939020
728523
696876
429549
870772
972793
298088
1912
86787
900304
521704
716125
301498
345768
478332
496231
760142
866949
779374
396872
904331
140712
123104
650754
804152
721854
899456
412157
510286
958029
235320
909632
380601
589255
783598
281624
625876
969764
491195
61737
397252
630606
353707
864675
329361
864591
752786
300028
380629
782394
28832
374913
588945
490487
490113
68257
477091
411035
61724
858157
791478
785804
489009
875037
870541
287568
565367
98858
917621
148445
136455
772390
161022
777011
306524
956680
998843
612438
433000
367250
38955
433026
719124
843611
864914
662189
938530
561540
639495
93727
815583
309662
124895
296062
868133
178466
510684
885954
903327
343935
542755
771666
833801
978175
853167
388124
112292
581002
835219
982333
635607
968859
357976
816054
789213
53534
686869
30124
983087
703455
369215
510542
154002
977996
698125
754348
548559
43570
382240
63375
72649
887512
18785
203759
387105
372616
911477
148746
968758
699423
836271
848765
593986
83339
149373
92318
766504
10222
759475
551013
534719
373480
512718
340820
728034
65988
870303
335066
537093
265800
782035
99087
303787
795362
217667
316488
533275
582396
42264
619374
257172
551104
933797
267406
804468
674587
103969
652314
294361
178287
452354
717840
603613
757736
581117
380521
254982
633717
947112
215474
415970
628568
641241
149184
277080
475555
318920
162817
953445
88008
257298
640337
957343
426621
291990
255271
577278
613892
877095
310352
709621
435381
720123
264799
367479
82636
373136
735217
476169
838664
783930
413765
442977
396126
163860
84423
427254
255072
219503
185376
407599
713166
894082
803040
610737
755672
733835
290593
439031
201208
961397
956721
297385
638337
225080
387570
773215
57872
574023
569722
792339
366747
424261
118696
142066
667907
850645
522098
142905
581245
447616
579174
480407
789379
806986
196578
503601
398447
489467
631982
410817
456202
313620
597640
350615
177641
45995
385652
246249
225051
947348
134378
549457
450443
557940
941824
867403
102634
535837
806100
560596
19204
439081
791765
284894
774744
682797
296923
347826
579355
189462
984058
531836
897514
147204
141490
663225
242067
92436
117320
654630
517528
340349
96537
53619
659926
642179
114016
869444
680269
490557
724371
587987
593477
658484
194065
134343
856788
980798
98217
467230
631866
882159
786245
265283
303878
71639
629638
84146
339298
317147
506856
762201
29041
863886
188620
595224
70367
103076
750730
13870
564453
475316
336157
340066
859223
322771
631458
849477
915059
710519
920790
78506
396872
552546
668901
345974
969859
969039
889610
196981
790780
622752
13749
696467
905800
777129
713276
159233
559557
554057
635750
702065
430046
538787
536766
232085
579505
435140
274746
256398
701901
935469
939051
959644
201250
952669
562077
59432
174461
858485
857304
66010
422661
592235
630313
552661
583795
736333
908318
375653
127730
368138
152088
103275
462567
991219
649300
895567
650012
233155
833052
761805
769094
341921
358185
254926
619465
846810
113670
109928
373838
280103
424368
382035
415567
457286
653986
32831
931339
903913
754588
204713
895196
162337
847342
444264
680808
931612
214853
855394
508406
604490
242810
870802
369524
151331
426324
844405
629704
747708
875605
656179
899887
822067
465618
518985
784051
18892
836955
86353
120229
433237
287339
613547
470446
780727
306569
909526
596068
585062
914978
770999
603506
98454
17397
574286
438031
484624
34547
551187
203838
128818
467424
742864
27551
144904
311868
267217
475127
445997
925792
450057
391412
411703
980190
446228
731018
194349
100330
28741
345208
811528
361349
603192
386051
364614
933360
626947
680922
789423
959761
231422
50821
553334
578633
760022
875295
930189
287942
373003
121611
72008
831275
398104
724895
186250
290953
189120
56078
656274
518393
163184
211947
984419
502210
491025
788972
740506
137106
596654
4313
603686
482390
532305
262954
132897
96851
499287
168975
588831
447494
40195
857492
749932
69129
587036
763570
299304
539891
357618
790669
797519
301382
125595
30750
702784
992154
337368
955908
362152
652233
985367
786028
590774
438513
264141
804934
33171
348770
93906
51690
757457
50807
138442
881703
655549
888324
330910
977933
790477
622829
109682
535152
857196
211884
322907
408244
1977
666419
592869
584512
607454
392804
656548
899797
319267
333974
872112
44278
246488
612147
397794
945562
489153
428442
922512
806682
321999
677592
78401
569039
895784
102353
562324
519715
575505
930547
700488
524424
720043
73993
743427
233597
454015
713531
1481
693925
893540
283670
973722
634908
652700
77192
815020
175514
15201
443343
23088
640837
695240
202321
193327
370369
341914
632400
309215
563445
731758
374721
292803
490200
624574
527554
613867
861582
31824
490173
131187
229226
242988
339936
172608
578608
646276
205144
927854
458486
394764
442951
299372
576821
987737
16676
826049
399238
647856
357966
990390
895195
239702
451164
543685
607632
615127
465729
219726
482235
959493
566766
607584
904226
342734
857689
212645
777779
419786
423715
947378
373015
366562
783529
720309
237425
264808
383396
36468
447594
190242
154469
920452
640595
26026
421731
769399
62318
605362
339687
352177
871318
693288
953116
408085
807394
854368
481269
36126
759822
523320
49030
179600
129600
201081
417394
359200
210830
634320
792226
46428
706080
670089
869075
418011
977340
536143
818988
86876
245156
65062
85385
560258
925617
996429
849403
65182
114980
186110
635460
102969
898202
276611
622449
857119
635559
515312
670542
902429
601269
247153
913091
152450
593673
883445
650650
925043
953710
564838
700359
496695
67663
960755
362780
911813
4474
458049
566711
161613
430380
743347
405467
187058
681062
883659
714370
413009
126764
456428
268266
318492
655326
591282
512710
937631
859132
913584
305579
840244
252046
682959
861413
21918
226108
18936
922798
920044
220871
245525
135080
634032
844521
209660
415656
574900
167575
16002
206134
734139
694651
500225
146722
585316
799788
17407
789101
70534
637516
246279
467892
298315
357166
959209
586420
994615
904198
644782
847505
754052
465703
417240
737875
348963
933153
75145
519566
782527
852128
737351
590891
373488
379787
522342
382981
587912
969396
762245
783309
737586
147984
888741
281804
117098
801536
268042
912199
608780
169636
832204
291888
900130
973036
84868
950009
226099
728386
767093
461862
179779
4405
244698
79447
632301
437593
551874
942438
47598
405326
826887
785030
783661
207222
656005
589700
136016
451345
635559
835101
755153
114105
494620
219024
362697
999808
73295
164158
749728
729120
813287
347417
176295
875419
838781
861020
565414
652093
4236
158984
156673
111275
71515
198063
695517
561084
465330
232493
552682
775304
674081
256975
824062
364437
112360
273830
866282
302131
414012
106497
95608
258650
924263
56026
629778
509659
311705
745591
734456
823587
665430
275944
268534
199770
727617
581098
719029
987060
350791
188458
367970
801992
871445
385250
957908
112126
615983
845546
175255
71290
441099
882913
118630
282217
197294
770680
556203
89263
505581
246205
862257
866347
439278
43645
349992
163871
182464
203888
322503
977564
561313
381075
524982
106679
572195
893627
839007
310793
901168
342566
845903
301292
507692
653685
444053
891353
500720
76999
946866
925541
757680
475925
794879
940818
650741
703389
929308
329433
172224
685960
533321
497682
379348
285050
247489
388348
720946
929795
991099
84612
144174
964503
539800
214858
656046
622171
301217
451451
868028
689836
863416
276706
549534
244605
805150
51591
881804
171869
141499
994737
614376
241470
151774
90682
720706
444677
80127
840585
517191
864604
342154
565175
131911
276819
747896
674418
507294
221727
483258
848441
995352
36138
505376
768825
788536
693281
783039
170842
724025
429092
67211
615142
774676
536576
777101
961362
25509
843720
621401
162704
213883
341226
930614
849424
578924
42833
586340
596974
844134
889766
218662
378643
644025
472314
218131
350360
658343
889682
535425
678960
899490
721908
131547
715235
668348
300977
994754
701470
152593
755
27340
499247
729207
718742
164392
951947
340137
489268
466471
945685
302100
990282
640955
897298
306528
357761
2354
873214
212
462080
722835
22681
550875
682162
97088
731717
943263
465396
334013
838441
389401
725301
415823
626613
810325
392127
495285
892957
955302
715671
358474
380279
142323
976865
776081
526706
277663
169726
895715
139995
821649
885388
624329
554456
887410
790098
383807
376172
168564
61356
461741
333519
590351
311777
172701
386009
906477
619373
703173
210878
609531
29818
923361
756863
584720
15434
183025
797348
192151
445890
300626
324626
110600
308080
275409
180313
611364
241016
494659
675587
824504
764162
735430
287859
697547
357421
31158
477312
583734
653624
391450
238791
465262
566166
507645
591153
936277
612584
817179
63528
893712
487014
615108
850166
300896
224493
790942
524386
303837
404943
398985
675146
27716
840617
796771
161203
318221
527881
329053
548807
921021
60985
314461
795531
143106
256349
809740
647376
675462
254049
741616
447034
108070
157830
102430
450060
413545
577703
374900
793460
512739
275114
352485
893448
523540
716525
47201
937864
476660
341990
83768
892909
539569
727467
899420
157755
756896
348929
204754
552120
440137
249937
381861
403309
331238
252127
839610
534144
448848
599551
11107
424234
258215
270365
252416
624841
964385
904287
989596
358940
244519
249833
307871
397933
613587
954758
519730
890052
589484
897093
799459
194966
704727
246511
42578
414327
92782
334331
100046
429009
863615
492828
966698
980815
717782
185697
569598
72347
895176
174156
35359
809401
552503
585297
240295
685595
873184
658296
807536
33020
132717
454522
644442
376141
356927
124377
576381
280639
766711
152626
153174
541315
821648
750367
734692
451647
580165
826183
842876
95861
296891
25154
667004
27084
779894
73923
388022
370333
276314
155032
239334
500746
722503
266136
936233
184038
626427
791526
88720
510301
128136
484146
535657
963247
539430
241248
556481
120386
238674
789556
150908
374025
419362
278845
429535
103347
518547
416222
623229
211344
49884
262244
884334
558849
539570
473452
337874
651030
226118
831451
899983
780698
494514
487616
597465
706770
243808
127914
355541
273326
705152
466312
464243
479648
457755
884006
937067
427520
936654
373441
586118
526910
37991
857344
313411
535957
138373
142946
157718
467977
391047
610264
948595
152764
568412
614851
529290
249039
47838
929761
410663
452035
390789
204057
906613
72856
193439
625730
838110
368761
259494
442907
920754
663703
869150
362000
240837
966335
117538
946633
926939
546721
896203
838273
539954
127248
701082
29633
615562
886887
415508
22123
809362
938144
779445
419402
215754
581047
40150
399336
570907
910867
763011
673798
133080
368320
362268
639299
198367
339507
893283
336448
903557
889783
164146
991950
665870
838524
213815
79256
687632
124010
178906
535670
69715
606191
492099
788063
178851
191458
317034
44452
785305
950665
621924
319378
16030
615833
321434
42027
643862
667753
593071
267143
43823
493727
813227
462024
246379
289077
592788
74806
480542
79226
170463
963523
411954
299099
487597
424835
846129
880258
945672
843724
913030
335751
373436
536286
203369
856164
576008
449944
327321
50482
62309
681225
771261
951412
754786
892432
676656
534014
736763
784283
767141
763348
763057
116483
262097
672799
852475
474646
156594
364736
903231
576420
51769
880250
259133
154464
288256
990774
426138
564891
172800
965817
342835
2802
7981
814075
753828
927372
663935
491974
67216
291195
129019
450818
923080
709448
637122
963384
953163
174277
20698
558043
32776
387850
709847
397462
748963
849154
633698
952138
645828
759168
622508
325322
954775
372172
793313
754559
361229
540657
708512
698732
882801
80852
307938
516738
451778
926105
194761
665296
151145
799060
101970
569596
489460
561015
428123
754094
346732
702961
76557
466162
978838
651044
129184
239427
605835
105352
29568
318416
740940
416437
762490
314152
243946
244141
610401
916476
32023
289149
113221
987804
18038
759044
427438
668998
929727
593623
514061
485631
33659
542908
760516
349911
824387
862709
923125
320404
955546
931954
617146
276666
336108
64085
745577
977417
747318
334759
473171
493059
735192
537827
174416
781364
135138
203775
916092
552194
489044
631496
785576
161747
216233
238413
922530
692064
976056
253099
934511
877880
227930
99511
765203
387772
539066
544070
274420
761456
505836
649093
126100
716025
411650
260044
269903
953119
754420
932025
226670
694859
132242
174576
541513
153639
212087
417287
838277
560586
6130
665017
34921
652502
630939
80052
467809
160984
355549
702389
590608
314706
233769
557250
394876
115889
660340
601877
247386
873511
354172
468956
738166
148077
333711
549967
753525
284143
118829
804270
10889
54480
927793
17117
521339
866706
650366
581113
336770
871919
389366
600918
931941
421921
766000
993884
141658
588270
338610
212428
593710
279338
273898
863556
912875
21071
86822
632744
491882
874053
447823
579672
602233
701455
687672
985733
110937
44403
609837
7005
136953
994824
462192
372936
525662
559314
307154
432043
956175
342365
354227
733116
500145
137688
171211
809374
380281
774093
549700
643094
720251
791449
256916
163788
5312
138556
45873
856647
106576
709582
891515
301022
909952
784939
232560
837701
479907
610798
358900
141061
115330
168593
270128
764416
81290
198537
62158
395814
845138
572223
809778
256717
47810
904082
802584
383602
661530
613686
304401
291169
406482
659292
615255
878775
230524
652148
744467
672089
562414
641263
561875
36780
360331
530367
537182
56829
985089
888007
741023
463084
327161
380810
426136
536243
11171
981259
460249
132441
920502
810670
903573
256949
206349
289197
240862
959025
42721
373096
899388
110610
915588
466242
975531
192372
108212
7898
260967
536089
930845
468489
664658
259489
234721
772663
990026
878064
690034
51310
403117
584918
442421
246305
940687
433651
454483
711787
923846
434347
479048
517486
972198
997980
526065
497616
64699
528756
871073
630728
37681
46886
181905
696249
56592
327116
387815
980550
852154
420807
994317
231480
163402
290118
809770
285332
664719
725874
799311
784710
463301
754756
213573
414350
622023
407429
431310
67308
478837
887817
427196
50386
228263
5334
690209
905038
766274
560844
999586
131900
931257
217955
720053
208398
159522
106908
660565
456194
558968
119741
663408
155957
141151
466351
862632
653418
836829
906031
98218
16585
996662
213985
136747
412753
849296
422117
234934
662234
150241
44565
789848
347295
348815
372478
708655
386294
80199
721204
804354
602577
548937
478726
190900
79709
283487
94771
373561
679092
598549
901843
757983
694068
50861
618733
826624
537794
791897
310122
717945
578348
222656
671237
335556
417479
601065
109712
514388
487970
32739
948920
334006
844839
557443
16279
107478
996451
875569
418992
748760
410587
227311
158722
602434
262073
701874
646523
53216
326614
376280
754811
778210
429871
694369
626166
707524
949910
478058
137958
874052
704308
924508
454449
115328
303602
381254
834081
146081
797876
954123
799614
365454
130254
16657
212343
974614
418302
511688
690716
394887
591071
150036
278588
137806
717570
357729
957635
661793
413135
973752
400268
153104
942796
475823
504429
701938
361785
661200
828392
985642
237088
356099
223334
314855
643218
361888
947258
631104
205499
486498
952151
396437
381412
868695
561559
784469
860544
841478
974687
584165
958077
393294
65393
344137
90054
571753
363024
246914
537232
67132
897382
632248
612711
27335
59547
14699
39241
339922
215854
844711
110610
787769
83876
647937
850974
552116
442406
955991
255584
54913
270802
670602
780571
909329
710076
785585
362727
498152
885142
987761
916787
282036
776053
975969
637755
253399
756921
165842
347090
118473
494743
959190
281934
668078
46095
639705
280262
313611
226273
718231
872737
176401
903023
691204
637039
980709
664816
352961
251295
489499
596
411488
71725
916201
710956
387399
606963
807559
854870
925667
641158
168564
401121
24456
91461
803162
184374
949374
582906
752369
598793
219268
923830
164055
600240
72847
384140
99302
503026
306359
441808
534522
781024
819576
493519
58633
110873
450264
386609
743933
88721
866527
560808
32986
338386
186921
601792
585943
43128
508051
702111
113117
24637
451133
411867
261261
154031
248529
640670
525032
515356
476235
383640
283298
859814
513430
134714
28002
877623
234410
360100
44572
196625
911958
129104
64251
830441
41937
120167
205644
381272
641285
978797
692466
427403
145969
958262
948787
234685
85929
978628
698046
210510
919769
670258
341381
940779
169679
763188
32857
292442
166094
422540
897731
929628
40324
436740
425008
666816
651998
366187
982696
907885
213991
285097
827711
732715
662620
118886
521700
747090
675125
170995
157345
793082
290765
277311
355293
977260
286748
254715
151889
236949
89775
428733
701794
782130
984174
976571
671537
76959
196947
370401
497386
406389
340735
391736
240465
400830
918647
699274
680614
55450
323354
670062
420171
889156
36798
369225
28298
537927
511560
780415
646983
756392
651853
735286
916825
854622
929496
7609
344317
307886
374913
307566
551095
212418
56366
90390
666476
166862
73243
200600
923657
882768
915278
251979
842943
240988
48927
506859
486144
254459
128856
560467
654541
991626
481132
435531
528817
974907
153643
600459
885735
915191
203348
741900
924728
148220
688623
916994
588206
866023
230923
244484
990739
247502
345739
538566
425708
874497
913924
183304
77201
337400
75904
518290
527876
771684
976851
383199
290073
932977
500616
343368
592783
888014
700930
595788
470720
435929
629916
243620
294480
986296
126783
552419
743176
600893
307713
118644
73081
157676
961390
276894
742182
502220
439047
936058
214630
28358
971886
799143
442363
437577
199465
717215
820172
275297
836043
147416
791925
890134
709569
163553
683804
546026
211703
436798
594608
585862
375228
641463
161166
501084
468531
249572
769196
486826
833393
976382
819075
176470
922842
977991
145642
187459
672440
971685
869954
509984
826316
901810
557313
286928
563053
869836
420441
921111
448534
364486
223731
550674
571875
110873
21021
594720
661917
575727
179832
684373
645247
298844
494703
97996
260686
906441
448215
564883
671564
378881
227949
461596
637050
744775
901058
207
645685
749316
375081
120443
294277
393109
635850
161303
420787
274587
712392
392769
70162
401317
738480
30660
187650
196661
293159
712482
739649
423603
312490
117971
427931
525462
852562
872933
798727
390792
205598
82816
825149
483987
102526
379094
819590
778572
359249
557777
482865
740687
420468
721877
511165
739359
647686
388403
31083
117342
551295
980350
34080
607348
86551
979443
54509
173110
230820
830479
383296
957864
882126
39500
845053
175250
789689
658814
408687
300854
432897
131609
392269
741941
618769
226697
175613
900534
553029
125478
957222
88041
256660
371069
890135
10003
440800
733695
968889
322046
679099
252531
327682
393185
295689
876759
113583
124943
709459
246470
229398
320202
391285
22308
963245
913158
816683
792107
110958
956961
427378
213900
411093
466223
95445
742427
268287
324446
251114
771496
833230
430197
115141
459704
959749
165721
232214
562455
776277
519578
648278
543312
591193
596026
306064
949237
108048
584051
743812
478604
391826
694008
697157
932101
269013
782893
862765
827134
102069
425003
8669
255239
861104
43264
623584
7131
776621
303503
203553
851015
891991
786514
338131
454150
63071
787468
120067
331300
907581
127948
196444
214936
680429
297270
726603
568214
996251
182485
554738
774990
355764
175291
870592
896900
189970
170850
920032
466120
566556
979865
763547
388922
345980
955514
742542
336569
505240
100544
862089
730582
476257
649729
272267
837057
212150
815784
972531
129116
261799
93905
532821
955696
475799
658895
109741
530834
93645
217355
516708
488481
690195
699125
75281
976367
748383
307037
155911
361342
543784
365206
551947
401558
431227
967828
73564
629612
961525
760597
702714
884769
697268
1190
313107
113073
98825
562673
297429
165276
655196
156234
160077
872768
652783
683
554704
572467
854716
702259
628504
957688
307085
82644
102828
433440
594621
613503
873870
425195
836981
318178
116531
423796
824186
841253
710561
456614
61591
228983
139859
913276
448732
519400
954482
655124
92894
656017
759267
399872
813854
760814
595254
117223
569732
231866
938112
247847
642680
429164
995755
6183
943814
389761
126551
741791
642751
988680
668697
275434
378568
657657
480229
171487
347806
868926
979740
581706
389124
234294
596977
311063
944620
262661
98760
715972
414441
560897
723491
862229
811112
796494
885550
186808
12404
275231
21633
599907
442077
217286
46301
615752
875174
715382
106135
744308
105006
903833
698441
137924
681603
841832
722017
196859
592558
208203
493264
946144
286644
662485
638258
750266
35890
110646
46734
298612
966800
400621
818217
892888
748180
221494
594165
61335
245432
879500
359480
773151
594561
509841
551553
382570
106879
319654
533870
288456
486960
466395
435296
546389
444475
945016
967153
616702
528865
626427
658089
421424
124298
710174
369695
556595
891325
226380
268683
731292
182645
921318
715105
655986
716469
386045
296745
268802
848119
451077
911040
405486
863050
269264
272447
676572
342191
413672
108247
805794
295637
918298
721264
280584
493828
333934
58248
322508
423912
289201
275973
799951
896486
161591
903258
768710
501859
974239
259393
400134
566899
71363
509937
777080
936743
13011
581421
904022
891393
139736
877000
888064
581435
744079
99399
678317
766494
717035
958214
663029
755777
47850
636017
985058
767678
574124
624982
124238
946401
815070
40489
722746
973845
185707
325885
467823
516928
722549
207977
735838
949311
494772
878256
517166
826477
251849
741354
393621
940700
951957
93940
287105
377651
518423
477994
881825
263416
779454
207137
111063
117472
88766
41105
488043
896499
945856
364873
71961
810165
891394
570970
843210
975755
425414
793406
286292
7653
435837
645273
870040
777014
853420
433982
471363
112379
535561
368510
392660
439291
274006
857407
808019
199141
324097
434869
302070
805118
308317
575991
364091
226948
972239
553416
239672
433064
746202
929557
469908
913104
602145
667395
493319
594246
332933
306262
735358
603522
281015
12016
393895
896862
907793
737415
684893
582825
29503
87664
206469
744892
590979
22718
483137
839187
995169
615032
266432
791688
329650
636426
220922
738986
295085
353879
873083
548357
636532
114151
377622
663421
12649
886038
59587
847541
968116
245120
84905
146713
969115
938002
952102
947420
105972
502662
764146
266478
630594
615776
344640
769661
957994
626815
94995
275033
233018
347414
978250
338006
377982
603197
796333
234626
588803
427099
252191
798917
624589
941518
630285
700880
557335
886546
447940
214456
331263
746515
144343
5197
146211
926452
161897
959603
156852
178501
4591
708575
8902
792805
92109
29573
38788
957309
505908
203697
403765
427259
915629
808585
153595
231277
496456
274237
981585
623390
373100
543534
41470
266902
446869
217202
543579
833904
307674
511090
89185
485819
44850
951552
17184
425499
742098
244457
659977
216142
629373
474411
186479
69553
820724
544561
337624
953869
489083
92875
43636
665394
458109
589436
428543
634940
585489
629375
559297
695172
439728
71234
395488
498607
613629
789148
502704
26888
162020
327000
107854
512897
549099
278949
814210
876500
703952
81512
133147
156564
554842
755847
939937
452420
967415
873640
616694
60786
407019
369150
890693
520424
737013
681304
624691
161034
50716
292912
156646
403804
716472
582673
960028
643714
717654
424875
144985
102400
120729
280016
687456
483333
215648
329877
147787
211675
309040
183505
902525
619669
254454
62449
403537
828536
339484
187020
40525
233959
880909
875854
172513
188223
189694
697280
995919
381291
594342
830979
35671
704996
675276
556659
981488
466922
561229
747467
846991
811547
184364
761371
663820
171525
368995
879506
609843
89826
9136
267941
188082
863049
641747
413062
459083
810010
800241
19478
327519
519574
333846
979190
567290
294185
857719
166614
630451
316837
455244
561932
684573
857181
609933
709911
920077
387137
431032
138913
652538
610662
322682
763406
761940
350632
501311
538464
38339
996798
26425
901669
917195
376924
749923
306382
6110
649126
233624
512595
359327
414340
433701
342853
23752
710420
258782
417286
118107
884875
6455
837678
723110
688101
247303
218265
960006
20733
801508
192243
296313
82759
363871
115240
278642
398426
777216
885732
536630
46960
84025
372652
277728
787855
595772
512769
561723
607330
62463
880478
426821
874200
680584
285642
583489
621555
676851
745986
267410
612616
1887
485377
719405
787729
79891
845923
683513
359846
776006
990996
263696
354012
753400
261989
140028
401567
415460
208282
993531
1532
454135
964575
29614
983068
39956
666212
317409
511566
631427
382703
371673
407521
876201
807247
706994
913127
285292
606768
965904
51726
733761
362501
38152
731952
543493
842737
122302
619892
548086
877396
84769
999933
838189
226376
789470
664218
659532
923439
850305
412387
912624
674691
842051
30456
870709
742649
924209
331015
489719
647315
714946
959955
563677
352833
932115
886346
794175
754121
904934
763765
300359
970807
727699
194711
410538
369671
442882
538447
670334
754418
439070
500730
940646
162442
219923
110158
421998
131468
989630
684016
63610
631440
709860
69034
882706
668012
340348
663983
592565
354335
442336
20243
704228
561571
937752
188331
949607
677715
63718
692960
571586
544567
69996
961709
427746
51275
944402
73965
856627
64944
18068
762069
37180
996354
983693
78124
459114
503324
343965
812307
459762
890390
290054
216712
144998
436104
193515
274521
917109
16564
421695
679081
746136
847358
428178
986940
902922
383494
985457
533390
550001
61410
7831
43250
955223
54132
396684
940750
220836
825165
870945
750844
556160
166003
145748
896887
901564
250688
763668
102036
802899
958516
471573
697704
54706
189914
906976
540290
74692
328067
244741
133564
66548
655547
182885
642714
270697
120406
890762
532658
92157
149976
196313
699938
669948
227176
838739
380787
974879
699075
795950
794426
958810
144951
615649
221424
768158
467571
384493
845497
432518
845142
891916
442024
559399
843392
91979
580450
740124
929768
595044
806641
769491
274093
652681
639712
159984
54326
768792
355034
937338
646274
335362
416045
643863
642948
782341
667364
752564
63570
497208
567170
296340
737311
435843
160501
855640
58214
378178
980418
255550
787558
69480
993217
953286
57915
191848
608986
300775
180816
682990
769268
222303
204536
556517
144257
837164
576026
442913
735305
236285
633899
447092
102252
712291
785086
494492
693145
767864
696840
636674
598770
865130
341056
303198
232340
706935
101991
477562
204812
388960
145703
1549
744498
443827
405273
929674
614018
224541
552053
562770
795713
449913
533254
2401
717273
520186
621328
393756
733983
157123
28821
162545
947495
935271
416486
135095
22600
555270
734236
210929
846982
677962
243601
269084
450781
77771
250234
353580
820342
301031
138822
421485
292257
187380
480818
973008
102184
180283
360559
417065
227599
643401
351036
575357
412822
114778
660179
885298
448860
56348
929543
59291
822612
568303
211894
461025
439217
30171
186458
446353
443396
880577
540810
952616
254905
446948
925755
861021
982402
741472
751107
114691
597684
55862
735597
640587
858968
971247
480751
540039
659242
160957
880977
609845
769506
47921
935160
24701
94563
547249
362510
30879
520491
85304
110588
765725
568836
118065
510730
874764
251886
264799
891230
43601
378196
944606
773404
290131
37353
360387
662145
353998
320186
68454
93071
299715
471961
183023
133458
178520
346529
831675
483002
556099
753560
265237
737525
487171
882737
637113
411708
970222
409567
92637
114091
146653
649506
369576
807099
757081
230272
613716
846768
960497
646377
675545
443735
90803
341990
44564
559164
163274
876539
565714
378297
921050
483751
359049
817446
722516
747097
448713
485480
247036
322669
152094
156711
362280
439898
69676
70962
438575
850187
260777
964294
724585
195749
928242
92582
691743
349878
42153
272306
757909
902646
769688
142184
551136
924540
129847
883137
11578
943749
169879
189410
596055
271171
725563
447704
534509
732996
666834
343085
821170
691386
705204
938981
235315
392087
467531
401660
526653
343677
328289
469789
239503
642677
958354
156765
9334
793250
557095
129612
194902
815975
681307
503440
894660
188521
547590
107711
769167
922273
92130
147974
20020
935398
455732
531878
422031
42851
353221
475972
883474
90470
384330
167642
890391
158785
589845
832601
76479
56253
128982
56442
467001
314601
86545
374284
555287
223032
339431
253026
949315
951943
832762
435033
535151
555761
786220
171617
870892
613021
542080
684761
511752
269998
68187
231149
554577
126316
802331
639408
699583
873030
263897
124604
754455
716731
492828
989853
191448
246268
291880
976060
23794
484797
83655
455984
540413
237342
416845
902885
750315
514500
893001
469055
474708
218173
467356
746639
233370
32899
548764
71229
947038
990076
280949
629690
310852
375208
734290
432285
973576
226143
136284
327165
835112
353924
27924
279742
963829
204000
496252
328737
88816
637361
427952
170338
33060
872031
525890
816837
421170
535613
484462
756011
663454
26319
647722
114160
624083
727379
506242
633118
722940
316060
28526
642479
270546
285121
349609
868418
163653
78492
932729
903664
409669
493370
10296
717964
25889
868645
520912
921591
630589
933874
637426
517000
918036
79215
907241
171715
727237
861962
779107
908886
314989
406651
463357
11808
24754
187674
69608
24316
569671
753055
367870
610020
329079
329071
732203
90614
517865
629105
301291
18768
280857
820867
616038
584353
63848
772049
446686
240151
999041
461902
519901
50620
743270
648924
670187
568841
661723
337801
258120
305838
810381
116848
297798
978510
900438
364816
595874
28933
618440
267435
934831
849342
966104
138826
253398
397735
370106
985316
535488
556004
40866
492053
730796
200546
915772
763935
637965
903788
295160
341373
820233
40714
891068
367519
17807
873741
331128
42264
951045
534211
596438
134104
625170
106324
213894
249751
774730
562830
905025
521053
527736
256230
620702
599706
743033
564242
393459
227586
582753
894528
902582
190210
550732
204547
836458
882204
950557
23503
166302
120512
603311
628690
411429
261253
118894
632619
236180
815290
35743
639052
7914
606853
180056
292665
149471
997533
333576
616034
523274
577398
135049
46792
406168
445438
410001
826142
750755
376061
608474
722030
322491
64007
781325
588306
760083
76293
551950
937265
474381
766906
421863
511898
523252
637881
539909
41584
615510
567479
656315
541289
498049
756340
577678
100121
60404
143021
85847
470705
615796
604009
345155
140215
211296
34983
469520
691037
244535
413590
102973
138500
111200
413936
76380
546157
156822
498044
969860
1235
251207
667770
828318
667685
551722
625473
876250
232668
593233
300718
348130
750798
5908
124906
295302
928513
975147
819385
35336
75550
801545
23262
51661
869101
202476
126754
705895
660016
103444
588095
195393
851281
275186
626134
43484
900654
738850
717324
361394
396861
455428
415152
172610
486005
135489
51750
156798
355447
305716
855851
800407
261807
396841
916721
229087
216607
827678
671626
168430
506489
921936
678001
617747
792505
84604
732626
708343
91424
430023
992578
2904
715430
553394
734523
273047
87607
893760
608873
299163
930907
888060
152324
458340
522185
887070
14694
473681
323015
382246
314146
982630
722105
434751
856188
709455
847246
340686
25069
392864
762014
634932
61105
172653
448688
408173
43169
985632
861632
792363
769924
331236
566979
254286
319087
329937
733033
194549
307188
637457
698121
242164
736502
563805
366818
148951
905127
929055
562600
644564
803164
287272
575532
843174
539198
589293
76154
342427
289977
463682
94529
828508
906891
455274
308467
293250
169418
985326
512031
806046
369681
472375
316656
465591
987739
168698
918544
690628
520817
101944
624934
461398
881196
524445
736039
103553
166056
834346
939978
260897
756258
785760
553387
570483
590954
635861
448234
507374
677525
131393
789618
568223
633658
937084
990193
148223
889960
155198
306464
862407
5933
971967
436238
310121
302332
746584
28750
296519
828682
260008
417214
618191
223170
231158
594023
213771
854600
478819
347056
982919
439360
22406
450884
971002
703805
357313
924286
253932
328905
782719
169220
951681
627636
850979
244157
621804
325751
536959
390712
874366
566499
81488
508796
69074
35700
297602
295794
668518
141887
930104
935034
262764
983901
821643
836107
846153
781114
621008
160448
355858
473449
560325
636713
611988
271257
97247
553150
455390
160228
531104
355495
876775
135031
453465
947170
296148
28225
121526
772317
268215
589234
703768
662351
734543
623452
445355
19820
461966
602309
974880
400881
745615
329839
80153
638945
535032
160787
178504
568033
296119
457402
713107
67668
135499
59617
339921
154248
834913
304186
476097
409012
551119
957759
502562
668858
875599
950597
976887
166624
331203
30715
944219
49446
298709
997986
258316
782691
837241
846063
817435
698191
433204
404875
440863
420518
966933
625350
348238
119824
920351
778136
632405
309692
780188
644625
672123
939888
520987
3435
156661
62445
853576
694837
867089
399702
626020
314079
894428
292793
445673
897766
410646
998439
263681
40606
287420
413811
906572
485138
595791
130817
823446
312358
103003
592583
729971
521517
968935
911402
606142
997623
152047
146994
742962
418198
122622
229309
132434
90796
849622
261706
600573
304716
859467
887770
721623
288573
328383
884385
308607
722826
143631
58487
686606
929566
702472
341199
961863
971394
716602
670829
408456
636402
454933
483017
247972
358351
350218
154293
538386
738651
279512
569124
902724
426186
249405
534839
215259
268121
408
497767
724764
100701
499446
216821
841090
203368
876012
942472
561594
802199
367426
435902
53444
542768
103331
715411
321762
927074
524284
992232
828181
865127
103792
889374
604371
603526
466417
592659
93807
367501
267987
64394
194668
295685
832157
326208
199958
978503
154677
917737
336640
498275
320864
600158
902085
770224
860099
60306
448479
106681
61492
955767
567619
790470
187962
67157
799297
482548
630491
275748
975706
79174
323877
543038
570224
596762
816419
860391
717546
534285
438211
150122
736149
64310
471145
794174
176746
457070
856472
296477
103436
602089
175020
904278
419952
587657
340730
141402
922687
813853
882449
43092
970719
784284
148648
746347
546371
977610
48080
726600
5536
769978
53346
731660
248210
883711
758779
747395
987727
239462
687188
330057
365577
682818
413248
721784
399881
454749
44216
20995
997174
527255
88107
656875
68917
282196
918330
975225
52649
806781
141953
834081
563871
396191
38006
442726
542447
542760
816275
28114
476131
94798
383515
923393
208637
454826
403846
481614
178255
123430
203857
609264
521318
695569
58109
260029
432706
35105
374529
521761
493773
372123
311291
824611
436855
659334
891066
261188
131246
231295
481750
55503
740462
333347
793584
230542
360207
801316
239310
342861
24692
960597
137190
560059
777712
264170
791064
792477
4670
850586
547281
741914
238662
130125
797684
755837
466689
296698
443914
194747
424877
932014
540921
350510
969723
688347
127103
609015
780061
470885
852111
300521
243440
950295
98829
780725
740442
318094
989854
492642
408166
981660
217352
928956
913072
351614
956880
120453
985512
250598
623099
906733
847316
33901
814117
93999
711065
845949
767831
184274
797107
999342
181428
735017
524027
51645
469217
525265
314363
146635
147935
485409
699804
790126
703826
954541
949616
808851
592702
633658
328743
728304
677813
442322
128059
486479
291663
177129
805537
885646
76165
498145
645390
130228
489554
814983
869240
333750
528115
948360
80607
206236
24189
358733
862306
519382
596123
67352
684185
220989
790700
658218
311488
895118
926187
914205
122410
582281
305422
528728
912995
810221
344425
487584
976077
960715
503857
879178
577499
783246
374588
887824
652160
933112
579014
394671
836698
625641
151826
56301
545303
777525
465745
451847
65788
389049
839704
50356
589631
820370
15958
657153
85110
945417
140251
984678
50721
780227
803623
292893
960570
373384
109593
482429
126088
502912
978072
441133
280190
675686
560398
900174
939965
666988
889368
293761
71931
435001
659495
218308
674438
511918
514672
488564
526035
313499
618589
656358
399921
842961
953494
922409
128841
909868
885484
604298
794944
73605
135927
221135
494762
413158
376046
481797
364955
984148
544710
526529
236952
476781
110069
514483
631984
595592
372960
815650
477092
931554
589823
345049
913148
678314
152169
409241
474872
715986
553422
124481
478440
830307
524965
721802
573202
979768
157730
336341
678746
229598
31105
189994
970176
630599
800061
55318
396086
829596
358685
716803
23929
471790
43063
277706
84645
782697
723466
235878
296031
238712
668096
407154
604863
889862
566067
515346
636836
781159
869088
631909
501020
272619
80594
690308
722523
995251
737658
400556
935850
516017
533448
709915
949596
727169
567676
334184
259694
686559
219428
662849
61167
29301
944792
693176
613456
465896
843462
147863
787873
969977
60605
8337
581204
42705
712786
668670
264734
641105
264143
546470
480225
131715
737412
739738
743264
162907
377842
786884
965742
42198
581723
206629
972858
748559
537792
863933
652742
916288
86385
669737
232904
84262
708310
951559
551778
660031
470489
763003
100639
274042
884009
326427
741550
159918
293295
989074
873521
314819
369314
82777
765112
725817
579525
884978
826846
672221
487702
381653
642940
574583
125337
806714
788628
268832
769114
817522
571819
592397
604354
707664
572833
865688
572322
775303
134493
111662
468509
15170
870216
940505
626120
67926
719762
246285
912443
600101
632563
135472
865474
359930
710785
102545
423646
137526
783752
975923
962755
352774
761996
29320
454934
281178
54388
593129
616196
504970
419288
689836
946724
905880
583960
591158
362958
5028
115559
807367
618486
158418
144679
830972
330463
802635
813718
642502
71624
761908
426689
555453
816739
465686
504885
80508
257697
601820
439918
573500
550124
728017
420520
446708
470681
228897
299129
306430
589371
221758
289740
733362
834141
802627
281455
899010
40169
797600
426451
33319
768775
990043
221552
724132
628819
657377
956421
339834
116628
71292
268034
849739
796008
183388
237473
763653
486696
546572
562763
650851
133092
327496
777909
544607
352120
918923
490546
998555
990847
487730
724602
630533
75279
992660
42204
315540
764431
793902
657431
911112
319365
652616
500084
490181
67165
17269
235315
278801
824211
229120
571876
880929
979971
415573
806187
586689
672680
309696
960619
379980
59101
155409
868180
493523
707972
672055
600230
387455
944642
413104
450086
542975
313015
237577
442110
960895
619405
242
330154
470359
113009
833506
863999
68626
823178
478899
427200
391677
467235
573668
138957
424997
76585
78923
284581
580284
228085
468119
677648
357192
631165
995960
806150
301288
689465
580789
541296
347608
531618
815425
610845
591538
75407
230509
720981
561111
325332
736515
611454
2965
648177
154952
893397
255213
621884
989240
649625
122247
879735
156556
90749
769004
303581
933991
600663
270158
961076
723715
894964
737998
72775
936674
201171
518133
692825
29998
433050
564970
386191
796436
505881
418233
596175
499655
233264
177241
691300
583285
683715
600991
474284
99066
123223
243304
866129
10216
190347
235864
173211
813327
209987
853031
588976
114831
266231
914101
550329
344984
731324
95742
834619
502797
414180
666003
161056
791831
711887
579640
382322
829298
877765
57357
889829
130740
307339
997277
926051
264446
416823
266591
168770
936744
418504
904659
51933
864269
438078
661408
973143
547891
977989
681796
89356
621114
66428
436073
579155
97259
634668
918268
642086
65161
970386
516894
809633
57266
853888
600890
5968
191927
461251
467607
870839
767650
42038
963559
432617
396174
396245
166781
270060
395314
486969
48423
354141
612131
722782
905561
770945
565723
23756
937821
162727
345233
240522
850957
816230
270530
509968
444966
84001
811063
622456
834777
210238
77166
998986
431773
749973
123548
560328
76462
973219
982466
471167
516142
651401
755331
586342
185072
524926
752090
651449
836945
751368
161092
624383
590423
630026
697316
232535
129308
53813
423707
79375
180718
352071
723392
133501
843042
911497
150081
544677
63542
115828
998025
571455
586612
282613
678411
436434
679175
840342
854971
159891
39568
943088
900547
54165
143505
758233
517940
280942
141630
626158
710889
537858
743656
846501
325778
174880
914694
136893
938453
437298
393212
828487
236161
978750
815156
272160
982733
455853
195641
258048
334845
223435
201809
851599
672541
91800
118055
956138
235904
124329
704852
897445
278920
662276
309579
247275
547601
930774
109804
490696
852189
686025
200760
755417
518885
198744
973582
687029
826495
907014
164799
978789
583842
736436
521567
789510
624060
594487
983066
724724
343203
763672
807740
603196
790480
144417
215334
895958
143794
477217
516874
333631
405468
259313
180337
839945
242970
168471
758620
952474
846255
315032
511095
36198
558120
890679
584135
181090
592800
8634
855330
267549
612394
907048
673896
244949
705364
712580
624912
775706
81328
19513
896235
63508
149716
531518
867939
353611
755235
391883
720398
563401
340042
440181
729111
284241
763389
132196
949957
237004
956349
790510
354471
531608
769178
953980
372502
110479
244769
771587
409602
130491
88175
451493
996820
34187
804195
17550
783715
515891
318489
863018
79154
152739
496495
167081
695798
817010
225622
286831
316633
381562
795409
340216
847059
375198
617165
742064
472929
375539
80156
714588
166284
756590
573134
768426
459770
808040
375621
528232
26906
911658
770132
592537
431924
635848
707834
264773
525914
286357
681639
588127
584330
275936
387642
923357
672990
873843
24790
469347
60569
952126
995695
675165
784677
739074
645446
306861
108783
779757
200693
571685
683088
213514
545285
394060
412905
226487
426268
576090
981963
181658
726771
449786
558848
524846
356595
920204
476907
595442
277676
296434
904362
581308
242437
527202
375786
675858
87666
881216
886534
446839
616122
228699
250994
918744
689891
199531
701049
362787
484194
691506
41225
679991
776913
564413
685948
88348
45282
664218
831564
387687
750251
728849
146231
712745
197264
619836
299205
79977
492356
470733
371087
684958
593178
285725
526967
475427
458585
567307
475651
694785
65327
465275
234284
844208
415350
538412
17477
747576
511893
611395
714243
53439
436542
335846
449233
329193
906241
980748
12340
230127
404284
305023
795418
105138
638450
621818
939775
809239
33138
72938
437325
812092
936457
780335
632677
160617
794079
581243
265753
544965
551500
97058
847343
626767
518314
444497
859272
916210
858295
189414
265363
334120
68181
507867
436124
67537
988970
362549
318226
575098
79692
736356
754275
416571
315847
845630
224789
638751
669992
901544
511852
578505
330811
983004
421079
702387
992644
625765
310352
945812
656629
705354
871234
552728
696991
286834
953771
696996
850778
819883
343143
232134
440434
729788
582871
744795
649485
248774
799233
950832
697569
854757
14745
885645
836514
139796
132270
427463
564942
589361
540794
507051
702924
647471
656664
608493
107676
655471
200133
551037
385177
339421
480170
845991
595926
432221
443352
54266
493310
156170
91323
260706
642743
568156
197959
863375
715361
805387
499239
911705
211668
615134
20536
162997
912420
664732
664110
431818
501967
141148
16224
563979
311816
552279
675152
597438
77671
706099
491153
678819
251834
765259
406178
236520
150286
615966
708755
348243
402523
481319
865464
687153
148584
446427
471650
92397
82067
354001
807449
530021
844101
699772
383278
50168
784994
60239
287530
367242
303854
608812
423501
425500
691180
552756
635715
640371
794388
445283
522733
836944
177920
273770
947186
8449
125057
450579
428795
529313
237291
344219
213623
810193
562924
732551
997927
107439
783312
538411
11798
823311
511028
148259
317305
906327
310444
157028
48762
521135
412478
570482
125224
247250
771977
239594
54957
909489
989071
429847
139052
566315
882550
267535
625136
642619
1130
575766
619995
749025
943880
824190
996974
409946
874472
176450
969200
521101
850234
689978
133232
725050
109867
514299
526669
700614
336074
167915
724351
640952
898993
834527
45188
765628
903492
237262
512536
960424
80535
11528
940147
701199
736001
461620
667636
179367
316780
71581
495805
658028
448431
461840
646691
726422
530239
710442
320787
266394
574476
536951
218682
955839
843728
554304
738918
594686
110116
557835
82013
461487
144819
879823
812335
554277
84335
529334
723459
934346
319377
184387
296961
272128
251277
79383
209820
808509
747383
613994
566636
211775
44128
680615
672260
2001
833161
987975
498243
695396
315960
745591
348262
363100
317831
466824
740062
490130
369086
342348
506188
163270
423267
704752
951562
911442
428382
257190
949540
848640
435895
618730
199992
6242
597919
755822
250050
611567
619975
652996
762280
166200
873940
80780
30126
717532
568049
102284
948114
997395
647227
677812
831904
806709
926190
466562
111820
683688
64460
798046
636542
412154
828168
251224
959458
369268
445462
680476
604019
294396
823807
264181
799453
670985
845628
810840
21909
609198
228068
16239
924686
397804
992642
573941
95087
754008
902538
237687
673874
491268
43700
100105
10045
545054
532377
693949
652485
756287
426043
884406
401379
795791
702196
922850
834963
677037
980980
885572
224880
410183
709084
121394
520236
317459
427026
605197
670543
363778
705902
597524
940674
261562
36759
162256
913743
730583
147974
83695
378435
919768
280572
326378
361958
605382
584739
850409
493463
397454
805830
788874
6328
992835
629627
832635
832201
417820
302830
798717
204284
357682
692699
310726
69447
327081
846368
283025
193421
240575
636165
788500
254843
142828
281719
513622
534569
534940
826140
462538
930405
348281
753197
491026
139996
776154
570152
857391
756588
836447
918256
556504
809168
936923
665807
799892
171136
788084
568064
277535
143540
138617
309846
890624
200291
655447
38165
47116
578254
273670
765208
901610
606405
945521
438995
740580
968292
657152
936871
580777
629528
694132
649378
250561
144292
957161
589890
7269
497549
202902
883498
308815
59284
81212
446619
63510
263969
181444
131568
204625
276899
564251
774422
18953
889596
836659
43452
395447
369792
461688
855094
48733
525692
546814
118794
865357
346042
613901
105738
813180
334781
547715
406093
722453
453234
679764
66595
687724
556376
53150
847429
396509
267589
264137
889047
320460
430554
370717
277249
33929
925733
400965
640310
544009
141836
173826
434126
747432
124889
80441
994873
568394
160682
841737
187427
538159
656946
801957
119898
263935
470216
818767
343393
19140
446879
27464
129114
159725
852415
258690
760617
857950
410389
821276
298804
179301
542195
347564
772145
26172
512466
400881
455991
521966
750077
789001
122155
17078
605562
886610
372750
235165
40200
530379
520757
993222
5146
78116
728768
524506
220076
128433
966041
492610
365070
200111
871774
846553
835632
480469
708667
325109
515063
667034
906665
896604
211209
80676
187602
133913
328931
103394
187489
666110
306006
213296
130915
444855
623925
759709
316977
127221
719861
444911
895887
795737
701456
15079
108919
370299
92284
564459
834936
775521
413164
718768
504066
585979
803805
917694
205107
313449
272424
47023
972005
577548
903687
427619
194165
58238
42573
375561
845654
622913
152361
816995
764782
48275
298114
168689
207368
666640
925143
826255
598025
871687
811086
651795
375926
662468
551376
264432
930555
114796
65192
994227
111840
234172
478194
392075
83223
832608
532863
774012
751348
576314
212524
535989
380007
104163
87342
437498
333036
870370
95892
349017
934437
327202
896011
601588
285930
116312
82835
420096
369779
438276
402567
932006
260451
845238
671681
41199
102397
898176
311383
798198
878940
618133
913081
519334
656764
236026
515080
985341
13100
340636
936100
189429
542411
292493
36858
528110
980471
703072
645679
9697
781519
610798
308062
412395
53281
694342
760669
941768
815484
98233
400847
161635
62643
249026
954962
27285
638709
644098
532116
412129
290844
453375
159195
708404
396315
411437
375808
583724
846537
392149
686233
921346
470301
627104
681201
393295
659573
136130
317286
758937
837748
600946
204331
804668
655970
963752
900363
937847
806570
83239
935749
948779
602090
408649
327759
687801
718152
606998
850912
702852
816956
837729
341635
568471
793505
376728
689158
600543
790979
728763
384883
454920
90516
872861
446099
889938
136441
854086
530798
905653
627458
702864
956678
290524
107753
831877
619370
593264
890055
807173
613617
413612
105414
790279
126959
434857
800625
152148
453360
114611
20356
492345
44448
757176
368545
553236
362999
61321
846199
591299
66593
80604
571812
598743
991546
350587
801333
327570
247878
40930
267999
511079
807028
405005
33499
780960
433155
205538
140326
93563
964711
783574
205709
598620
559318
892855
295079
722113
85973
997746
590400
558944
447005
912870
209588
818289
863148
884181
971234
468840
496604
218663
176100
645751
725076
62163
104747
190811
3654
35448
423298
709237
642574
11671
465272
787697
252535
974759
519449
97075
371622
741709
861158
328431
935120
590899
88927
792140
455398
752213
601262
344290
19013
67268
597188
945914
788748
501142
196576
469080
328597
875192
895694
823555
678153
194378
38434
980643
72035
66081
96644
374258
66377
151372
28826
80232
594554
607843
823523
818830
324428
67460
34679
594139
532784
755522
860319
617396
771244
873471
145429
675160
128264
468125
152157
102574
557394
341748
370166
375998
335793
379690
637104
148264
278699
809492
433213
278906
795585
234255
69474
158446
887617
803973
234327
838224
776625
392464
365997
424631
308616
758527
180092
686233
940318
686946
116669
716499
103680
288705
124642
561310
246559
87403
765555
453036
419100
791726
165701
110775
406842
460719
277152
685002
691323
130991
713770
677644
651412
454042
12574
193561
109345
264646
779547
998882
336134
138549
440616
720274
841221
950295
33304
681541
739675
864456
708227
431071
161609
323359
38730
570573
699314
811293
617723
477359
476969
887528
208533
494789
820131
294206
354569
547192
49443
947068
885096
712891
823462
133468
999918
526734
31446
311216
256125
162421
166964
770852
627234
997488
687004
152110
763954
885508
794384
398475
625777
549288
638928
578244
20930
510776
591201
742116
595863
870921
995147
359721
463898
498373
727679
488111
26104
318961
377756
221021
989697
986564
884969
483457
542796
842240
255916
259427
878221
825003
502657
1198
930451
492483
764814
552474
492448
225486
110576
624631
611142
626492
439937
882320
53096
790918
541801
369954
372783
432930
400904
462196
87111
539631
390259
459031
257958
63819
340706
518183
206806
386672
543238
639517
861379
602395
609957
695644
482300
552034
306565
136197
87637
738439
936474
570593
891975
884353
75747
912991
109364
183291
675822
835875
564009
206387
736791
315646
813720
642160
928280
560012
432912
812622
590053
533869
608589
858992
779573
326279
439458
832396
514370
986763
974410
644566
787561
248499
355068
148373
308494
736636
727820
644214
365809
653103
937345
220091
922589
325650
255663
101469
133239
364346
43687
464288
232168
760519
284511
725530
325905
323215
408058
801543
427070
723128
398112
732366
867710
218211
861603
521514
536815
686518
1954
128388
1295
983059
111473
631250
971577
9464
565026
498435
211519
312085
293347
70223
500022
63003
165601
611982
419468
277610
657385
759199
500178
912116
75748
446148
90478
188118
240060
609077
96223
18018
565767
659615
443556
824207
182632
835296
649456
700557
802808
190559
345649
746007
473925
805100
437541
984483
129259
139787
319269
344912
439431
777384
564710
945218
623429
155243
195925
411050
383379
267032
837351
336963
875764
203846
549870
519177
698925
455609
966413
260157
347560
553951
82271
44876
150632
962211
74297
23758
875060
947475
958397
826350
716307
53072
618139
82455
524342
648312
636979
816004
969374
360726
586045
632128
628238
430638
836816
453166
881782
802354
311550
199018
400322
748851
216867
948221
138440
321589
191157
983360
707512
681886
640529
139066
787316
204410
192030
820431
802667
667758
837211
593971
69527
177214
490983
974132
917484
519186
24075
337625
727944
161743
485775
486302
298955
465306
676434
716069
662679
178250
947643
324425
199259
177242
734632
568634
980786
873118
684381
994403
357753
711768
545013
948204
447816
753887
436296
694370
149264
886552
659095
440194
744012
655302
85669
251913
729453
522483
967921
616247
907145
820095
793389
239188
741207
755000
389557
956084
816691
31589
953025
419696
517298
984981
994971
282043
276580
501564
918036
107939
643613
560600
853626
824933
451219
297082
479656
632763
885310
268368
281042
852689
849452
437021
398242
643530
677501
702296
807984
395867
521415
928345
121140
426904
193039
742483
22091
607141
459711
270856
382125
344451
42346
752927
120397
630411
520162
402356
325882
74526
946150
699580
350066
620131
761345
932845
557089
794141
464517
420962
364840
561570
434825
868714
212673
838972
542281
280013
378958
803075
83495
105082
691642
668731
842457
873802
492776
210079
85445
108010
646688
765316
95299
7278
980018
187400
259097
925983
534204
875980
221241
841171
19750
876528
95196
763038
975204
840009
148706
33735
834232
372744
186747
296306
580305
985025
27250
576783
842138
734828
290178
815991
80399
330844
327424
631295
700498
59206
360328
460129
460774
233553
853506
229553
930880
762722
586042
165038
344340
967606
356803
704723
338725
403921
608927
379845
457603
122870
897686
662318
515380
678848
775589
226252
339518
167507
326265
682876
29480
124166
502543
944476
258505
556769
596081
263957
452318
885455
370343
888319
882208
663941
827811
10831
398730
983081
53303
925224
818641
182817
672681
532062
238804
995166
157664
983516
974125
663796
390725
88933
312833
943916
296096
964539
356109
712025
288209
522554
933128
100295
435521
155335
689779
317632
193942
277217
332581
510837
571684
507105
870955
613240
248203
611889
692514
736266
284144
159660
986938
398159
577935
542780
512826
195030
589358
546843
916654
103833
739423
464377
809983
680015
421326
219241
530009
319180
129512
880206
809431
880816
6022
85676
407335
655081
262003
154065
141273
287350
309967
583974
13403
470350
314546
929234
609758
231821
194966
723400
399146
693453
228149
76714
800210
305582
556654
495883
430891
878308
667016
773921
776729
87512
712001
384570
411843
826109
151598
932638
686233
185319
264141
978143
154111
492593
695645
872474
498128
874795
133282
200491
416093
836154
580710
729131
323041
960687
667055
197431
500937
796285
146260
748898
678066
572860
817719
127786
540126
837666
982510
760281
920415
853763
74430
124746
331969
24217
76948
673287
474160
46228
208557
26503
617926
23612
553562
369807
744485
508340
371226
808128
947118
108805
694537
858834
889454
400022
566574
173350
651981
969372
39706
144191
165347
832323
850754
756717
589803
807772
655240
506399
869757
70854
665855
864209
318236
764430
275922
902942
552268
329549
213869
82472
770265
93189
119730
439700
835493
364133
532097
772539
979480
650862
816781
794718
538260
318905
762335
332742
518430
664804
681446
353223
827967
771909
155381
643891
916845
285375
525897
358769
925692
270834
361209
619337
544289
881968
318447
614209
598388
882242
659751
130054
612754
445010
533714
106787
828616
420655
184945
327634
439107
465822
50752
293140
13376
813644
941768
934150
592232
932931
158174
865546
544008
863856
229820
323078
278596
902825
990147
94182
131781
962945
542785
724684
71670
492384
10621
712398
442974
186704
130823
961877
716826
929880
358901
535714
609317
652948
69230
371861
655779
204678
832735
751416
802235
226582
358682
529036
516962
688031
45369
610150
363074
308709
891903
574973
447545
572896
741006
897741
725683
246438
638164
243065
510116
76542
669303
537790
176902
483232
479476
962804
921870
528029
529544
313207
795349
971442
839025
98162
695868
879655
341261
542547
437106
91154
105279
739273
126435
462379
776070
227762
535984
439248
908432
57848
171130
537167
626641
770325
853470
416468
804479
586274
994962
529031
280951
264475
22445
272536
971043
915983
373545
987395
845835
940738
430043
183667
117919
385324
838692
954498
789748
2575
387637
973744
79600
976104
779712
737555
418208
319933
265036
431499
932197
143361
647710
438115
569617
23961
563163
508796
725169
773750
115949
501285
798207
59659
643150
883514
988715
764
978224
351932
859295
615363
349953
960017
77401
132118
608742
950874
334432
190054
678090
42655
142621
469580
204896
157916
971078
962972
52864
42689
102625
524934
771063
521419
990177
696699
606877
521659
829096
287868
801171
588860
240897
958952
601932
23604
77614
48902
693728
889865
562461
122255
731585
289426
711296
882171
9932
602698
458587
220037
567096
226723
43949
994173
110224
521106
510173
563931
186981
507872
454641
937829
558669
836998
72487
353821
397571
792176
720434
948772
375064
718284
319315
905173
747062
968444
111092
752155
25502
186068
561561
488255
401465
639659
787879
137602
371443
280804
479434
740363
525421
744900
127937
686783
35116
493096
288351
312782
924331
208961
458025
536327
849611
475466
839348
44878
582485
796653
148862
767885
82593
905763
727369
208723
133192
807739
528213
188683
67976
27998
949342
185982
534198
182050
243581
681687
174648
427026
944371
83624
744754
994913
92473
731457
467215
83933
557707
376039
826128
503858
783643
326130
750426
151464
179015
445138
731383
612212
234515
985118
493093
369836
814344
273522
394162
250381
865533
489182
25580
366004
984224
906240
576101
434621
6688
458344
62078
816466
402985
976988
905337
45777
850171
888255
849154
759016
96027
894975
864997
801975
181038
900937
920135
230570
546465
714691
897576
953529
57677
153269
511008
887905
497389
861107
360312
656053
662471
258159
666182
457550
221916
720620
748124
651589
404690
807939
741711
109007
182756
130421
202682
422655
614837
130142
86698
413836
718684
662096
945515
209750
859756
23569
747846
324727
423140
838444
771556
835631
408604
545858
159592
288430
813079
752732
891085
430681
466594
209950
451331
432224
408703
603489
587655
830692
698293
278968
660108
852708
549926
518742
753735
644813
820534
798590
681066
422892
348112
195319
667671
757655
144763
812876
667778
617276
813412
863969
997569
373693
831942
700613
904929
320648
772863
901883
360690
960210
464517
794231
107833
908685
422190
642095
545709
359623
901632
649158
662366
705527
491888
743236
786254
648061
798149
468217
604340
663407
166090
486082
924252
556414
16138
745516
501295
319445
876432
359564
881630
326162
160086
131839
502133
282968
609008
522417
41662
957769
585265
142913
931892
259218
679470
237845
984650
432518
358785
217515
715175
304760
490549
90081
238302
767844
935046
651274
68264
843066
286394
230885
243204
957647
517014
97141
619100
358572
87420
572109
980409
622367
665663
223701
973708
850674
927907
635136
745864
408099
591851
11979
946608
692187
860335
494267
801997
183334
108563
723966
119755
721341
401259
709120
761160
583420
491986
378478
199551
97141
136346
18249
457832
815066
676339
796116
714401
75658
924106
258416
435186
464298
145098
771727
528493
300654
773689
719986
732869
782940
823228
282133
885457
700928
197171
589929
445640
488647
916930
624666
955550
260218
402211
922459
750815
25665
280234
511892
119617
805184
21778
403347
226243
738381
536902
650812
327112
531456
288757
330157
848192
326990
826342
464084
96212
651120
147164
660294
572944
717011
181513
225291
228701
857398
392259
404154
592317
338821
587714
946866
597981
850321
638082
875064
197572
255598
262672
112897
68320
297972
597435
953151
961621
98164
255114
662546
159138
271610
837037
895684
667415
377566
818551
416185
342489
487962
417510
909056
427391
799895
237471
932503
843921
76228
980388
358946
180873
183897
823120
433135
951171
914583
718100
216278
293623
38269
692423
582484
794619
533963
200310
379754
671689
561837
70799
967106
508945
104856
311338
506835
756794
31060
131128
279720
22171
15643
455204
696217
742041
411878
241554
180717
322028
291682
940442
252223
518444
593836
211337
197144
540499
486027
35799
585368
179449
532516
806750
154869
523075
288260
759452
295977
636056
628565
638135
427998
811982
155515
454044
992009
88361
1261
260662
182343
61913
6111
60345
914205
206110
188820
119053
592817
730615
105627
163805
259277
853650
937182
118847
562504
953622
181919
410681
767007
622783
497685
344682
648169
656837
750930
83768
263321
863621
881664
133500
721054
56522
819098
350812
898582
954762
178133
734894
713323
818697
893768
46665
27380
348828
637261
424837
826740
180229
800212
2886
855031
175444
257887
500283
901946
25110
205707
768174
638682
468839
267070
508047
619418
97212
203763
504222
929405
184996
232377
812846
118755
116073
225409
12236
308998
422185
899713
72747
313604
30793
364001
464440
454083
605357
389771
363419
320353
49972
361975
804327
398330
120807
813996
540341
98876
856201
311395
574561
601214
35003
442906
877267
947781
55142
410915
748798
842182
446341
194589
901755
962029
19900
627108
160248
908073
959935
870329
452851
411929
237377
450993
677910
797440
229766
999371
577752
866556
1750
682149
983410
574742
353660
367637
744005
259092
369141
176358
251590
24508
288480
985333
712863
442600
928863
425070
627926
721553
397025
789438
675931
268525
770254
43541
563490
322671
152031
367431
210976
230993
867944
608442
685010
842136
35001
393029
711975
412936
406780
887469
594868
122305
904824
845087
871967
282305
184936
911787
237833
687044
162856
325480
339527
881504
351294
474151
313789
342485
568152
927956
384702
54998
767922
797932
375529
64961
7777
480698
341028
276122
112149
743008
615152
468927
768186
602691
668721
817452
215545
297032
20844
476984
615641
287968
631596
351704
977126
942098
718484
334826
10185
644887
77963
990247
699179
418345
974545
194750
467698
747712
967512
53770
49122
654595
34123
372275
437176
956648
98680
622462
673193
376938
396479
893129
114472
265299
311621
242226
13950
428082
48529
121435
597541
915831
647765
821071
138517
406706
28586
845007
393935
628048
60153
78026
760013
292366
557708
177944
324905
248572
851067
713897
492312
109315
483506
918646
628896
781025
493146
830379
347751
42914
917715
20034
417211
861092
431240
786147
638539
144306
820725
585973
805203
964071
347752
426811
373740
677957
28423
82973
608619
990810
43821
58936
849181
824874
698644
955363
598876
537706
459503
287291
595874
78660
189331
328712
804062
257780
511340
491965
805754
155307
625980
104691
690645
333686
892987
330998
29981
13262
914803
831022
582602
451496
566951
891530
242498
1450
143686
827871
118567
46492
676080
890099
146740
691866
96722
408898
338724
454526
371668
719809
697230
68883
280908
486765
239694
559259
587656
707240
530032
907217
273655
692247
589174
853479
483038
650620
16868
837329
671871
390220
432424
54170
280379
286979
178526
500371
993912
954275
487534
776159
726670
958074
87955
209337
214706
981554
282219
441931
914151
370188
15327
185446
369566
82164
866005
170025
714033
531536
918630
31891
559484
333875
173913
225965
181525
262021
235181
116239
351604
278197
900664
364798
812620
727304
340380
305239
408927
342326
921062
905535
517905
647344
38544
181544
10923
109508
791022
933427
920291
394561
339619
358032
440012
653272
363520
718396
385225
870277
601981
56514
883322
751591
414014
658351
60103
956685
953664
656425
386831
745863
895937
555020
92813
732716
995555
921855
649109
102277
893332
656611
809230
659853
260624
562229
14964
600618
382971
3498
420565
585122
256875
475013
331260
981037
237744
603694
680367
803643
447884
629033
160319
426684
248377
932835
608601
895923
952141
167759
518405
208912
149243
333668
233922
714039
199485
794100
241344
375753
660173
201359
65516
600152
48988
157203
911918
576230
617934
337809
566951
833481
704346
649368
32718
411375
153776
553963