9696
9538
7118
5524
3413
4356
8514
8446
9371
7687
3151
2333
156
3283
6366
6480
8140
1128
3108
7403
2080
3469
5881
1347
6293
7502
1928
9976
2131
7484
2471
1677
1939
9331
807
9193
3248
4742
4674
5438
4842
6311
6891
7994
9118
7438
249
2479
5090
8643
9370
1291
5381
7927
7244
7849
7124
8490
7022
7209
3992
4937
7437
7065
9676
9057
1349
6342
8973
5523
5222
159
9832
1608
304
617
3128
7736
3075
5251
2558
6146
5392
6536
9191
1632
5187
672
9216
5355
7557
4334
7671
9059
2673
7200
2853
8351
6477
6570
8778
6069
8533
8143
9440
6029
2923
5005
5105
3744
5663
9262
2060
4439
3814
7463
5146
2151
2988
1800
3265
8596
2110
1495
7873
8236
3414
3040
3435
7856
8059
5381
1325
6777
6338
5459
2836
1275
2607
6712
3126
2681
2259
5931
8124
7169
566
2255
2653
1821
6727
2051
3414
7903
2576
7909
2101
8669
5457
4150
1094
1954
3760
6527
2402
3993
2706
3206
2980
689
6341
7444
9743
7267
9251
2718
9246
2877
5403
5640
1022
2456
2971
7382
5776
5107
2589
8450
3384
9091
8806
649
8426
4255
2721
4126
459
1993
190
1616
4948
7586
7030
6610
9897
4954
3524
1557
1778
1741
7728
9529
1240
2432
1770
5125
6243
4718
6779
5897
9398
6809
7782
6074
5039
1397
697
3353
4194
3109
3043
4629
461
4220
7168
1264
6174
2757
7593
796
1770
7738
3963
9261
6987
3200
3980
837
4065
6967
8206
5374
6119
6072
5140
2967
1070
462
9730
2288
7534
8086
4451
9546
195
403
9759
6348
7123
7419
1092
3925
6362
5403
3179
9658
5994
7954
6503
588
6786
1250
7210
5080
4668
6378
1566
2045
6377
5135
7308
7465
6015
8813
9313
3516
8936
1044
7797
1375
2104
236
2764
6012
9680
7734
580
4899
7334
8479
8011
6530
5246
8777
90
5328
270
4336
4867
3738
1436
1567
2403
9336
2577
3347
728
8849
6042
5503
42
1149
2966
9076
1907
8919
5259
4349
7792
6701
5164
7009
8614
6056
6935
7023
1210
3929
1434
4934
2280
8837
7818
9325
6859
7910
1238
3866
1560
457
840
4588
7186
4544
4380
4988
698
8219
220
651
9716
3193
6179
559
2149
6052
9732
3343
7577
7321
3838
2954
5645
7629
2477
6128
2938
4602
2296
5500
5921
9219
9707
5868
2779
9384
9576
4715
9990
7192
6494
8663
6400
5667
2694
6737
5152
9798
8475
8110
4283
6962
4142
9612
6681
1441
4238
2162
7249
9609
1878
6004
5482
8000
8896
2675
97
8581
4267
2245
6910
7100
1469
9550
6292
9235
5065
2294
1834
7600
6473
1851
4009
1134
787
644
3165
6964
264
7023
9119
4742
3952
4738
9165
473
648
9221
53
7024
7289
1213
5722
6238
1759
2694
1640
7071
1190
4274
1159
4190
4750
606
6877
9810
6692
5352
4635
4525
5786
4282
7612
8660
1178
2041
4976
5445
1816
4061
210
5978
2345
3097
5527
3304
7900
4702
1971
9699
1034
944
3598
5799
8842
1699
1123
1999
5760
9792
1592
7744
6827
9219
6597
5602
483
1888
8321
2308
6952
6790
2674
9427
8624
7538
1221
7551
1143
4694
462
2510
6903
9255
9968
2354
8486
8
9029
5372
2683
4730
5245
6796
5176
7952
8721
3252
6800
5590
8665
8423
2966
5051
2550
7593
9492
3320
364
8355
2001
5666
5162
2688
674
3303
2554
3778
9357
4078
3549
1588
7385
2512
5224
10000
8346
8516
7332
9159
1201
3964
7747
3569
6192
9648
7305
6584
923
8047
2676
8785
36
1850
140
6423
3339
90
4887
6871
6498
4217
4511
1247
1725
2790
7335
1662
9408
5575
1932
3870
5718
8597
7158
1624
2032
6851
9244
118
3283
363
3582
4919
9495
9527
8990
4183
7260
513
5673
351
1451
1681
6979
7242
5776
4127
2607
3067
6290
1093
9057
9350
9414
8952
1807
4511
7905
9440
5809
9261
4554
6992
4827
1923
7292
7211
7199
4589
2241
3449
7646
4657
1583
5106
4871
358
7999
2077
7272
2843
906
6557
5387
7424
4555
5607
8421
7760
7176
338
3127
1727
6713
4822
30
5216
3311
7824
2163
5287
4658
9794
349
7669
847
7825
9086
4147
8705
6792
4775
9937
6487
4502
6525
3834
3380
5037
5887
8358
8890
7556
6643
6574
8083
6018
6667
4559
6375
8587
2289
3230
5272
4378
1072
3552
6045
9850
5933
9518
8722
6701
9213
1823
5858
9667
6652
4575
673
6722
7181
3655
2309
1112
2229
5805
6132
663
4270
2463
3534
1917
8036
6256
1686
9292
6328
2465
2121
7134
9708
9239
8179
6837
6337
1318
8665
3027
3014
4852
5273
6072
9317
9161
1791
3041
7048
9675
4006
5574
3227
2143
5932
1343
8228
7369
376
6066
5975
4311
6487
8570
3272
8761
713
7034
66
9029
4977
3509
9921
2940
7856
9736
2400
8498
3316
4096
6528
2230
5419
9932
2823
6892
8765
8407
3027
8131
9113
1183
573
7226
1115
6445
2777
7817
515
6683
9940
3550
3492
6825
314
6043
5061
2539
4782
7018
7073
3155
5520
8193
6284
7422
6433
3099
6690
5865
2925
5939
4506
9480
9930
6844
3957
7975
7810
1477
6445
2809
9509
3672
1075
7894
3992
5503
42
3940
1907
658
2562
2658
8157
8713
932
5408
8501
4895
8555
3276
7986
8253
4282
4355
3795
7009
6626
2221
5549
7777
1342
5835
8215
2424
2192
4309
277
1211
2150
1811
1214
9588
9762
4397
2491
6723
8904
4497
9352
4633
1776
9114
8709
8273
7958
7492
1282
3040
7781
1696
7604
6935
7522
8358
2666
55
9683
7342
5694
2824
2048
7926
6607
5286
1651
8485
7404
4303
7203
9
8526
2874
3054
6194
1161
228
5542
3223
2251
3077
2418
3238
3534
5025
9461
3479
5290
5438
7451
6046
1809
6688
4075
742
7116
4852
5876
8386
3667
5835
5257
7368
7195
5817
7383
4655
4969
5797
8645
2910
6428
193
5056
8701
4887
5860
1512
2420
7125
6019
6635
2938
6896
5015
1032
4325
6600
2965