709591
505374
508604
893256
116959
126819
198611
772695
180388
581924
369898
491880
557762
652954
21825
508289
92013
557333
82999
593513
714294
833148
275348
410002
252754
794726
409597
426002
323064
822205
819929
994748
134977
569194
394013
655946
572340
916133
496490
655874
416406
237337
968339
274200
763594
23357
588830
666233
419564
179955
275817
378081
869611
932213
191957
989620
19815
615784
11994
432759
807287
60341
69718
711599
820841
168802
974613
263732
45823
947087
42196
147921
520796
494294
467839
23194
503579
720038
892515
746322
802071
409123
542808
239030
815173
735311
523284
6308
904418
341644
79733
937284
942582
714434
430617
556869
449604
11919
289736
723549
719586
626273
320259
112308
778957
816835
717302
350878
64400
129305
205484
507395
72531
220845
926576
758515
779632
766697
124156
875058
826019
946572
877735
955934
255379
259434
136321
40528
587657
121928
979088
108360
83823
133228
387183
945010
185166
367129
481332
490609
970680
113464
811244
594127
618561
419456
787491
75317
104011
577253
390096
290226
417060
988491
639301
364945
415882
106997
85580
658502
337892
988761
250846
930436
90904
916561
123004
160205
433882
252285
593220
419739
694612
327700
342889
298297
705673
392539
172656
793303
911767
548376
36332
994092
649736
618310
250469
809650
738180
818811
849668
279771
642045
930660
572407
498972
998228
680075
376191
991004
215552
399357
752158
412768
918201
800851
187817
486392
301998
267618
257812
885660
978185
942172
423414
956757
446867
595399
737970
122168
619559
132860
496039
115449
837026
31143
859199
660853
887919
59327
800967
430704
170625
90977
6485
428396
299176
964256
956093
70256
409167
482558
56634
228758
336502
737557
840598
357990
96925
705862
447229
242500
143358
480967
759680
411794
968616
650695
628108
181418
21257
367222
666432
937011
974703
663731
862374
378012
902811
802947
706199
968639
464480
385702
281162
839371
632455
700391
319001
443264
372734
838371
823712
910211
611845
822978
952433
590225
45858
273420
467235
721752
297373
147315
334134
743258
10118
952645
357061
490295
98737
878125
647427
439713
179665
275017
376389
573751
125204
638813
890939
734132
506269
593475
2143
878235
214134
724362
990706
911979
796782
116222
270781
203342
510179
189839
407272
520216
157389
835922
534135
980907
740851
881412
112253
12583
609459
551697
831263
773165
474625
33245
317293
960424
990095
475584
217941
398413
229210
656156
646523
363633
478342
384810
172484
498091
888906
148885
93022
802672
453341
858601
163009
91180
389042
923077
66035
636325
616913
860727
874538
268497
412050
781399
952034
530746
794102
792124
402532
913257
490595
696820
814136
452552
565153
558140
380596
671735
948676
529917
496101
765936
269142
809613
574355
369571
839647
205385
77225
174598
825746
234736
682645
986071
108876
583398
644986
715778
303936
796555
311727
105450
148108
796466
396392
661441
477826
458924
549495
691230
481343
245116
329211
720380
577236
630105
594025
628887
631961
146751
205052
29865
933745
299172
728700
48474
694462
250871
345679
842642
879001
745563
119339
427910
784156
389195
401864
578859
367181
541427
252740
258382
745313
12257
176467
832912
419491
149393
93407
745674
437386
151936
587376
664076
617653
420100
527035
777486
849973
634982
781559
44126
61855
236213
762023
148039
759158
231343
674630
560154
190881
995033
441152
226608
415329
130893
514216
152071
229519
260696
882036
828852
198702
568982
643818
111814
262910
62003
729594
252282
470988
680804
132813
858708
865820
23918
36731
644956
174173
238801
143131
115088
368131
53882
302549
316683
915869
286120
916415
465344
556923
517457
182576
54122
331090
771817
994390
490734
795802
160329
370405
656035
614300
319954
571988
61519
127703
585841
861973
547846
893088
732614
856145
114653
56073
45466
258294
495472
436386
881778
618246
275312
810641
491812
105071
849653
573031
519766
694391
146878
185612
213092
286630
415301
522686
519532
266703
277968
681019
418808
937939
524857
522074
789330
330815
362659
251822
681802
172939
950868
77587
441494
145279
96679
387267
340445
977594
131980
25486
482246
121670
122549
939491
169848
592558
959372
595979
515123
629243
950438
222455
215773
854991
142363
902497
246387
886282
269510
708533
272958
866153
971568
582195
157631
87045
418114
842601
127037
403331
517869
598810
826827
857945
104039
682499
501820
758165
53574
399574
980419
700539
368427
205437
379743
858912
834565
233210
559974
599821
431873
374863
305469
992749
729753
668388
856666
625036
381936
856915
644639
313495
994895
452663
503155
665540
831766
695475
389357
241028
643847
636776
424004
421635
872650
178422
71739
612019
420133
55155
171016
120588
181639
982656
352834
641019
342195
839119
769962
107627
778942
643047
902568
513008
58338
879415
925464
110501
186815
151738
601629
477422
687323
99467
813857
326832
607215
261636
878297
487771
852932
181025
846438
695363
207643
598330
859165
29633
693427
289085
480927
477605
899813
563145
567243
229335
808492
173307
343988
983089
771526
139662
340156
834900
931436
583056
839766
346175
255958
105659
757950
906117
671824
534524
140332
627020
547268
997066
277259
522931
193077
351313
882335
727304
886657
586811
491374
635593
37245
91109
907887
820071
747353
56200
501732
549915
806884
396142
855302
421731
735431
811764
796791
810212
874807
746341
412557
277741
454303
161899
223095
624108
612941
80976
394108
83050
65590
287525
984211
486990
50834
57354
110782
75016
565618
8716
745320
664177
516192
313812
220654
868576
629169
43027
579192
464365
434255
188318
442812
467872
917835
606704
945601
683795
110322
665471
694360
667297
645702
431544
622901
238050
489782
187982
71612
601290
692967
303922
665722
981777
199288
92505
863182
787328
922420
873189
656766
700291
634322
973093
136646
350540
926388
996382
745505
757587
930613
680818
573369
928754
371031
929748
732747
629353
721403
986572
17379
149484
51564
50460
72130
330873
493501
783094
64923
728217
43962
660819
169583
329425
440157
15464
489712
887241
760231
268809
879456
576971
249341
955240
758717
96364
142324
920305
925959
113103
581177
491529
889832
555128
837353
96484
284420
252709
248080
588947
276051
161345
610915
878935
602363
932908
345173
639658
887560
416585
843691
519837
440998
595351
743280
281878
583567
684787
328525
182671
980982
192594
689462
243527
38409
482454
239656
983140
44186
832077
56245
819423
652802
976906
294463
859656
453403
609027
595941
727439
651139
204016
606336
225638
126543
7498
611154
856300
466371
21496
982483
454496
233473
672090
233658
11729
505221
534499
3553
188329
667249
785065
600635
530941
395694
303370
951332
232570
590886
664089
43342
151867
367018
645685
452452
125223
590041
379121
625626
123
710457
466565
828321
335318
667722
437959
806584
515911
448147
391946
491354
820455
312381
682711
304256
978273
58830
506410
686764
167472
229250
320094
122621
175831
225995
664186
296529
47887
616537
747175
730758
802511
790761
793423
787490
230364
490507
340913
623072
354681
245619
518645
913867
142362
511705
606953
924497
914134
184355
659583
594036
589834
293057
599882
679855
854621
503057
272660
427057
925401
878376
563680
325634
201972
20142
376564
438789
600285
745883
371682
839749
792987
379724
821043
155746
537641
715942
469869
617570
881896
972211
933778
989272
604603
340691
491938
137512
382329
519265
571684
477469
992044
602331
57976
705558
338610
674325
468573
124268
277052
921184
637480
167857
966428
417593
611440
967014
8437
830626
438490
801646
558622
603807
98720
43017
123920
337263
488650
73423
342224
7579
46438
670080
633742
512638
274371
452050
251009
288415
880736
228659
631953
575036
743534
437850
725214
606910
233484
575653
313791
610148
916319
835008
252570
854093
910326
990668
25189
74842
295570
271406
525632
912700
550344
44022
696275
829841
495020
993192
417081
62217
767943
383776
851514
15581
293555
949629
984547
225142
248080
425402
978438
826040
606309
771269
778355
924379
821050
181421
469707
184596
846815
884299
14921
431235
431366
777889
918335
873797
51783
959992
132757
999370
696465
628330
361745
522452
977602
293307
984478
510865
706649
806209
16343
298927
135494
127182
873742
643447
992793
750491
776178
532542
34922
256688
277565
986541
816593
920434
504328
121679
858990
658755
526264
2358
3020
749534
981949
159429
801922
899004
313835
904666
175063
342926
309023
505916
731672
34525
810699
594065
731538
979594
522308
318199
190663
117834
270682
614516
71246
211431
764108
201800
595304
685194
929078
812452
154362
898872
304405
610167
862876
929232
191515
482407
441794
976077
624129
589688
718167
933084
863875
448479
266214
167732
515379
686589
336997
846200
228004
610667
922943
368923
411735
546946
870877
139607
134837
229545
455750
792049
641132
860049
410640
75017
983348
210180
746178
4370
358931
892342
504365
484743
919320
7629
328407
390899
600563
944637
672901
723263
591868
271016
499337
915301
650513
146055
760413
832849
218100
61725
298143
32739
787777
390208
18622
497589
817729
840315
301095
308480
760026
445078
148940
100142
835956
13132
721807
114027
332487
363326
445547
656122
83371
225814
10461
123983
229725
593754
187153
115637
136502
854176
604871
327513
632012
466336
208248
273584
393300
852198
443092
912096
566789
636120
529550
532326
281424
78516
255477
596696
293020
838626
364194
496112
551813
772611
892254
605526
395160
839604
57867
737428
315628
207520
995387
878315
559134
661535
773184
179303
328050
490373
318803
641401
354002
281380
174705
548138
415191
684147
302666
356945
443381
463649
112810
444357
71935
576301
233408
953846
603290
699372
688169
839790
696872
867890
427146
921535
196429
210138
362763
330671
534893
758833
630471
130214
346557
318096
558336
845789
97818
97691
112209
535337
957642
683541
30683
806594
610536
426647
648320
497545
471277
211914
632197
529236
527569
95296
42348
621639
656188
550521
765211
821391
172798
352280
284772
125747
251714
497587
950274
111754
20755
625616
658923
806351
14679
41430
154323
649300
429780
965396
439100
133971
155724
329128
436703
465225
955570
294119
725438
326484
894022
367391
494917
293943
22627
581769
342281
693995
203913
38338
551990
381078
467128
73322
808710
226200
684372
636571
182759
298701
421413
623317
934637
270674
627564
990825
784230
815222
83715
216593
518846
779725
103796
9194
827154
557242
711787
230716
679200
152603
868105
181481
224071
947578
472608
716010
286718
97272
867178
457028
966710
588569
691819
332361
639226
928029
819873
579529
808475
232621
173121
35047
215373
195260
89355
685597
484263
177046
89810
119151
794870
901259
540713
212044
981094
495918
303223
466308
232807
372369
607263
219535
542928
101937
678739
283643
630705
528949
270172
412381
442537
54783
108600
814948
784978
625059
24478
778909
896981
415889
763070
662287
164212
172159
844720
637512
992542
170443
161156
433202
965029
405431
238753
852462
974990
928534
846164
244596
831530
736906
258918
233558
429007
900234
308396
50149
450274
804712
186144
477217
896169
570564
588147
923527
186972
179714
835292
743563
202069
751170
241091
258366
290052
944534
888344
665320
582400
576416
877578
4310
347884
61274
826888
779552
172702
542438
749891
165202
798486
493786
363459
411836
228356
216080
620081
762629
269603
711935
649400
779577
221909
583495
961996
519806
439310
508320
539101
321928
201025
53526
953329
592644
144788
773176
193503
737297
95231
865588
62950
803795
579260
760859
246640
360420
65349
429883
141374
100121
734180
635409
363846
891971
8702
808964
491660
671711
860996
646801
434582
706404
653548
208043
285330
33764
757115
312436
113887
728840
313722
228202
971181
324585
328013
152163
587340
67650
227435
831821
984727
522225
892633
579229
547570
390957
183068
119099
915668
153867
916574
663476
389815
604012
862091
773998
301272
404296
92144
436225
341278
398068
932409
404799
57888
716680
877102
140280
133242
18079
840458
530430
737885
583371
14129
697937
273133
670550
631188
255438
12162
22999
126953
675648
276486
402158
415326
403706
597431
222887
862294
990333
76796
99120
926470
892768
256477
588346
325321
576419
907503
229938
220481
85808
116836
437237
865442
260617
628858
847438
221489
454550
310506
688776
767875
483773
449609
804059
434595
27675
614358
700706
262262
189770
257415
445046
671479
676882
823645
305587
849621
172489
867290
973676
669869
378457
545859
965769
533840
317228
109097
873897
92092
68790
252316
73286
746724
851702
232418
133124
545411
941158
388335
806415
913363
392561
135938
4412
483219
173671
649965
565940
568415
839065
918324
340896
891023
832857
33349
123428
101200
229327
468730
267377
173050
187785
958066
108576
568971
349656
979645
242271
603402
860668
521381
230677
56041
323265
794477
736048
950123
841866
387803
946960
543428
78624
854113
803696
994168
453259
63114
681715
105419
982812
917810
314497
49082
499075
997993
570965
275890
745184
532197
120985
504544
245900
103512
699838
685797
614706
809767
775594
542229
976917
586382
109170
749447
727550
600307
837092
79629
408073
269590
463241
848580
663811
915891
849490
742407
393213
349071
787790
124565
433317
66476
698929
585300
39180
835451
265678
655122
629829
60506
64065
380587
217294
431061
653214
738173
861847
129664
5934
759115
261647
493076
803424
849351
471123
887233
684670
489976
11834
733718
482984
103723
939178
967892
375492
200728
564213
4476
918824
495180
878297
700849
311904
415342
88858
19747
354275
465407
828554
33384
419650
234413
354982
131273
554567
27143
108636
563982
936296
778917
323096
820975
247809
178327
539915
553683
538659
373736
543431
72145
781333
384821
667689
904845
663789
56121
864279
259697
76566
893894
223612
374656
991912
361501
380399
747968
87643
411286
733529
465935
991304
199224
145396
154902
338272
819379
899525
761012
501753
614542
184926
659916
738130
221817
349128
391831
761934
789723
980894
516402
175391
700625
895685
27311
516900
791128
398683
979008
467843
899366
391126
268593
789767
993719
853034
160185
669
944870
854758
843720
456013
868250
756492
25420
14768
118747
537631
466575
484022
549662
914532
855318
260478
68079
21146
816285
102012
285617
975501
449569
965815
1819
402980
547432
866575
55473
694773
466670
41883
216257
905210
465469
780164
292242
231282
664043
790079
909404
502329
702710
539954
634411
292246
622621
754826
410231
292608
230679
946995
446162
25145
510009
671086
537976
403936
939932
376879
674888
621236
764773
938243
360246
131246
746215
95562
337321
362762
919661
68844
636762
690733
428983
699822
737998
428421
572709
416326
183675
709895
464221
636623
983008
130449
920399
374190
741852
68450
463641
594517
725159
822570
692041
724143
574850
775253
53001
442321
978356
406068
34476
468923
591088
575861
392428
647132
226135
544291
660306
692366
74236
256920
490090
60456
627147
347242
458554
961426
657002
560402
53463
79015
6887
218165
836850
766904
102896
618549
122683
785657
617678
151084
223119
113080
730133
277514
246853
292300
430466
232361
622607
56229
285947
227096
81269
190869
375401
32914
511191
45482
614377
626053
287231
280809
612790
783014
298607
957124
468713
692981
228566
142628
328309
337416
739646
981687
36492
683881
789263
815088
610444
117077
180327
874835
858795
169292
121407
6220
754804
670081
23701
43903
306246
987178
738218
781960
863728
441175
77776
74929
278704
895020
648115
468134
96193
687122
821155
701799
372658
733213
349178
447289
309171
589339
760892
866601
227840
718449
911647
5620
954735
126181
810597
624368
943724
616267
134688
180796
651867
915852
46343
481527
734442
706512
972213
545263
794086
709467
92549
120568
729180
837115
717456
19510
430903
116055
991708
743792
696439
32327
6527
925471
194404
999746
813260
449688
953164
280487
963633
719268
461527
875886
369621
818191
110939
794839
737031
172146
642386
773780
283107
255116
461278
404052
985575
661385
358577
242876
986892
93890
472262
819752
96273
803040
645503
137398
322224
185482
682236
122920
175491
253058
719071
118398
952787
95936
452310
886895
258397
710561
694061
121921
914980
789800
317558
961560
690755
818810
359409
240263
227493
843414
552398
194633
169314
793875
583084
672845
448352
345561
995473
214774
626139
972076
841735
355415
604586
648804
755050
687670
845624
559805
708660
300744
119001
652513
46153
337990
984391
549595
134123
124444
567470
747878
453267
418998
807241
83708
987010
13613
155114
137010
475435
462745
794913
409574
616168
488462
67987
822613
620380
211056
233449
627107
961397
298976
117844
606601
167199
668215
113048
556266
288791
22816
97363
745432
452967
949856
220566
668791
667533
759064
149437
895337
205540
79129
981451
967034
357078
49757
143171
678875
210824
712810
278574
977580
808927
835902
16220
174758
603622
54252
346188
762670
992036
425786
610294
84820
551576
482811
708196
223811
331596
719095
649733
44993
837303
265446
27521
545207
778090
653209
469155
941671
968061
535775
889664
346769
231599
209225
694854
557625
370388
44015
595257
448819
669417
820510
353276
677711
870463
636347
421931
946029
511990
480850
19653
681603
81333
938555
720578
507623
826546
440314
885072
85940
147549
113679
347587
577839
957771
884682
630007
108075
221071
463274
35329
811276
295568
945300
321466
860630
722306
43671
70686
743730
226153
491740
374785
16
574853
322495
850107
770962
622576
855986
280955
890530
386276
737942
223232
895465
88974
674761
498993
149058
747027
285897
323327
913561
88925
334204
14345
156234
106671
141509
218549
594969
914817
367702
518133
382989
510459
196976
445283
754775
184797
987822
374765
311741
194275
110195
259156
484456
457598
786107
217553
1016
121496
747307
181703
99228
413517
787591
537189
24144
497310
183524
492012
464199
481003
319005
557379
683196
185744
812255
595114
699284
734121
221498
654965
380899
578271
829108
896018
627226
180175
317008
606952
883923
288260
985625
324040
960053
219921
829488
71771
986478
621477
572854
172518
1226
792736
959249
621927
982906
549862
212483
898745
273833
756643
593432
484666
130253
176007
29070
750220
356850
695577
300701
966745
407733
33919
431399
693903
5787
507510
701595
31200
940674
932770
826479
65379
984549
702978
635791
450363
805025
703257
708320
797030
372450
101818
214372
528987
821921
446671
667244
390321
868255
759662
798977
812272
215845
857429
840907
747926
135700
302276
288491
265645
288024
265909
703773
238641
791546
162405
205802
509742
268095
196976
146930
35574
511530
55680
331839
904777
953788
784405
114691
24717
48526
529419
185350
814854
169268
718875
451092
63008
912165
867916
206220
924505
495084
116481
649288
695132
418067
329847
653282
475654
852658
954502
833143
60476
323275
507496
845396
812352
810719
874601
925391
675018
671421
905424
673306
656653
512010
41844
268904
274728
276800
369856
747635
429267
709610
215219
604133
783835
268911
410055
760330
207661
654092
266752
477723
632438
696852
466763
953343
137317
325848
598862
750355
391659
900121
205788
727773
337784
618254
167105
821975
278182
747932
205152
514901
207932
890411
206286
542570
645085
501402
860671
994548
482121
961078
460155
98396
121439
938193
821821
490442
662675
463525
96365
437802
286340
796712
161029
960511
486963
366200
497698
338118
863179
170909
909433
560627
991118
67521
302379
93868
983326
960727
478789
571141
855917
995024
183557
142230
630601
593696
548447
939673
597304
782736
184981
424856
351297
279148
655072
641856
160211
535093
46287
452684
177636
409000
718206
436242
499784
184826
350045
155295
427376
206161
838522
946209
837352
268900
501345
285099
70305
975154
56516
636826
891641
339835
454000
414580
7091
83655
966049
445068
986362
326106
639747
963811
68952
195058
423091
759318
189054
33513
437350
675514
251876
183442
268286
294702
156324
530839
211495
646497
65972
569820
368343
884641
269798
76352
646176
460631
24947
262838
794276
418599
960098
554826
796505
520046
207572
444176
363286
619374
559963
612052
244490
661025
521114
799126
339542
413932
198144
25912
124116
91717
820325
322697
943788
786914
162952
74042
922649
275908
383638
862872
689367
308041
316637
940671
71102
48099
728940
473754
510528
599007
544353
284532
957796
464717
662322
859128
258735
549254
920237
544673
372576
723492
357214
193555
238867
922209
862976
438785
204720
133347
701279
400323
246241
679140
864331
838648
176424
35124
817941
79071
8649
396878
109552
529912
25816
242760
544669
676452
743700
228829
924981
832324
952282
645581
71133
221672
733239
834746
684572
838263
320793
435298
849307
868116
387764
810282
490797
395550
235725
519794
206603
295189
444712
746213
962763
430478
493420
260155
658510
964881
828150
395365
518782
944384
253378
42616
393557
142759
188677
192444
181910
73314
44833
410975
281821
20077
517905
666142
532035
489285
83751
984131
20319
581027
96698
986779
244160
278155
777461
913369
692220
268425
906404
941692
848173
209854
137862
150446
557747
513446
563752
367767
337098
954982
186490
556883
505131
695297
947485
170076
950177
951454
438293
414806
622085
510906
229863
582891
904052
271589
126458
183889
177630
693370
863304
70700
215101
167395
851202
60021
827948
558869
346773
773714
356709
679926
244669
610431
238602
107735
392903
631930
27125
104336
496486
819625
242461
706481
989460
102458
657178
368327
237970
222564
619687
147561
180182
791216
458096
577534
903964
369685
31183
308714
504033
929088
304486
193347
719444
141972
797884
626394
359816
433555
946784
816902
21262
269095
869961
55500
680414
747001
804948
303058
310426
239788
379641
666612
300189
900505
912697
300648
207761
369582
25776
534275
556098
418372
846920
403615
302028
850747
246861
15345
682449
318118
830870
740112
579821
99151
367321
519103
847905
173382
434715
139496
132233
566336
741058
748649
435065
673726
943652
144184
914154
512232
490762
779714
405558
205780
5245
579069
993753
98939
191653
335613
549011
419585
610064
40325
687683
480544
292402
960366
870050
63831
25515
790711
891652
82898
10143
899964
29828
706143
750699
230525
285177
733455
638836
219877
542310
500312
620471
987946
885497
360160
755761
760801
753760
447802
204663
369343
641290
418386
532874
142875
126393
756561
179857
219618
671449
455559
562666
401103
506054
279883
158453
284262
12378
701853
282795
283001
415748
551744
134965
283667
515535
469515
590484
987326
37450
64
635446
114101
449087
88437
930635
150674
663617
581037
858935
763437
535590
119605
161760
349091
960288
637384
514002
900212
808218
630527
166522
432523
543493
320793
716595
955600
229467
178767
361028
484843
357110
976380
236983
41526
797528
612473
750300
796661
919659
812605
307093
866413
727896
405680
227798
423158
645637
875074
712631
63688
480902
979263
337466
93166
67709
466119
387603
959318
212338
977664
336951
753923
829967
303841
616220
530224
799514
325344
378694
242381
629914
116550
639946
954477
981753
45665
543482
764702
405328
135810
416076
40536
738104
270957
895415
514928
563299
397484
685531
615564
142943
138866
183420
814185
945673
11938
907731
151662
96614
496666
549990
148432
557279
475112
231445
827512
736902
47338
567307
292852
712834
931527
829414
43041
36878
758460
937995
704789
362226
2352
717041
608036
260813
12194
846488
14962
970465
182397
807383
748738
645514
579941
513214
306210
990773
517107
481363
796326
425785
65534
403578
198766
148762
837816
872369
944572
21226
177206
761152
740629
957496
811202
754102
8074
944643
763395
599533
342811
504419
655342
517929
321417
267067
257560
785322
264738
932578
67295
605676
691453
266061
233345
365898
782074
663302
383824
914485
342535
59364
230821
675463
973569
941788
675829
123047
80348
143074
413248
642465
71674
347655
740111
272646
170567
895670
842735
841644
639817
365697
625705
92015
416782
431263
602056
741587
768157
390408
545299
671336
264057
319239
527541
110501
133351
179632
127974
509999
990655
996349
120517
74604
902486
916704
382788
244848
907253
637852
759782
337665
733930
113274
675467
758506
758867
297197
851449
346912
375759
628809
387762
93782
304917
533529
119003
71473
891226
275159
993262
392
317547
689799
747751
198709
977529
154980
352189
312293
95304
148097
707183
544183
38337
483529
30928
902541
145992
127251
897745
672328
142665
683420
909716
575377
740215
895527
523343
598107
538631
220177
995632
168128
990423
604458
970251
789629
118137
701246
973844
910480
416231
52672
47654
695406
438979
173481
333873
379965
619648
664409
690693
793988
398123
198194
756609
509567
74379
107450
403642
483057
818843
434064
638771
436377
724358
714488
326549
87603
538378
208220
821509
369975
643134
20823
461813
25896
821139
16137
717085
187466
623767
777970
791593
63826
710440
240581
203201
174409
808966
53899
357615
329920
534906
297673
778221
603699
635459
326348
257071
450260
244224
339141
372377
254041
305827
86022
899645
747548
974787
597662
117251
126591
32176
584541
16862
439520
884921
183727
891054
839108
642723
466062
736290
777460
602965
391054
150968
958037
665634
892699
57508
74286
158460
966041
434022
871064
428621
698170
743191
105791
569584
199795
77718
988412
187412
254895
562187
882028
383735
372648
11093
629522
880546
920994
861747
300335
721947
484353
649125
164346
434726
621086
435441
590588
535816
935761
797138
992444
122405
969539
275898
449965
525757
417963
872724
41633
150453
880391
37091
852030
817166
389031
402584
908148
545493
639667
145935
24063
468258
936695
398724
915941
917337
537479
737367
976499
956079
531623
272735
175006
221899
978608
849721
599437
239430
398650
542569
402236
600371
984360
169623
823293
365799
652386
340044
414211
740129
774515
198287
807897
924043
429811
604461
203374
327980
627354
351507
706190
911742
239378
272754
901068
847875
32711
947180
704458
328194
187088
735368
870331
890909
95212
875732
684334
148570
700434
174446
138841
129861
553165
273322
640215
550753
562435
769142
463492
889731
244585
921967
966787
882093
175503
291912
290381
423570
191417
544216
514107
888017
930886
957714
526083
20510
953420
890917
931717
377280
898624
97865
668650
761937
305182
419184
182751
371687
330473
39661
791252
960894
993614
811749
125639
165981
454018
153159
366918
8992
393857
499690
791059
77328
776640
208880
478686
328976
561797
303099
302612
182162
133508
440805
585966
449516
690173
669004
768174
293143
364184
303420
355350
502072
516251
744321
513921
731340
795628
906510
954276
908266
396837
48797
679570
881857
407545
211496
515770
334804
381541
960166
923913
192669
366051
16218
98047
145502
40690
727314
648612
276019
514233
71857
18740
236265
523796
977705
185817
895190
815583
215771
1374
268788
944188
716487
959318
406521
304022
957105
392311
94752
150787
276564
102320
330026
676973
254608
593016
932515
538929
368417
511364
672654
5193
577690
68621
24631
683324
641111
782963
541082
466690
332822
901609
462048
546236
302403
794482
247366
488242
906461
185264
780884
457867
484994
163945
450205
716903
660201
424707
714788
807135
924881
527916
102877
906435
9506
298917
534168
261934
423784
867131
748442
257295
869306
206430
581553
921022
229106
536984
746695
179190
652538
768402
965959
335982
412038
41560
477292
279812
187566
495560
328123
759395
303659
41361
93284
91975
563830
288083
585040
445682
864723
508475
867660
62995
770578
513687
664719
625753
820436
404331
186492
859688
898474
63074
868505
824194
875587
187794
909693
348961
382386
273808
673402
370798
716620
778086
329339
8761
176823
996456
15289
741454
985370
913938
396388
264813
188924
498958
657520
689986
223248
680703
816807
86546
721980
555771
176389
989003
198586
646191
221674
100339
308924
522720
503243
204914
795321
493772
214720
248785
989136
659621
737149
226287
158152
913039
653643
714075
985910
887881
239595
823406
469055
987628
327279
654856
200073
484061
868320
367029
716594
992995
362666
692452
67098
580861
279679
833891
70761
386951
41603
44671
230005
506828
299703
34250
662026
163930
723932
697757
197861
223967
171170
867624
655223
309468
431452
231931
550645
849439
408350
315875
983874
453999
530240
359534
805399
938507
863281
91469
479018
663441
719404
452199
952295
566392
204548
562742
281451
505994
574936
744299
582584
696038
449806
484140
427187
157714
119949
40632
424980
498328
156232
457393
355936
116563
108038
983425
711808
540568
722652
779940
553052
675546
634645
616055
477195
889220
599895
6641
442280
777261
378182
957543
232770
860998
659465
571591
604021
530154
735639
816759
952015
49084
4276
756204
527451
940492
887767
415542
504809
701926
52610
573162
832242
456678
649663
823168
89608
306958
193776
263990
508362
56142
414256
385342
533112
590759
57699
667636
375228
707866
126496
235378
103747
79881
558426
558214
52919
428697
946875
174551
899095
693395
410599
131954
288788
803949
165825
683682
598637
129853
551374
219031
251884
530521
184627
707753
832255
821278
475169
534022
586151
921115
14360
653155
884262
121750
776122
86997
186682
560558
400326
137536
203418
134851
998107
546803
279391
371442
944329
772909
541042
867578
513887
667152
438047
508465
172952
380003
740411
646484
434803
809031
521709
744826
62875
217300
232281
19847
404093
310270
775701
160791
946070
4725
707656
254209
441648
6239
874764
51800
859070
403176
631998
763453
164172
227073
706762
265559
153738
958294
61641
876370
367836
937260
729748
977123
404301
519300
771924
356692
684526
394805
455592
108426
215134
95772
387937
127705
370781
442569
705057
561015
675502
511443
667069
314513
308622
653301
965996
117305
764273
19885
16046
561253
361612
106309
447204
621629
44346
305108
49588
512902
270443
556950
497106
212907
555493
344906
346736
100096
427146
773799
711618
425577
566539
482831
851318
902982
422403
371489
728577
578934
947403
385206
450366
931432
380980
85157
280202
271846
303589
2213
209535
634950
253033
477160
975399
345674
114184
802207
728274
114765
36099
610929
232125
482210
835003
521252
924386
691306
415548
553218
932781
339832
370869
159137
285273
13410
817017
762913
137387
377640
617752
17459
820087
917143
4657
264216
983968
390662
325925
110264
943805
374618
351265
131225
245562
363785
748523
163455
555431
462918
755178
961650
192484
78643
132901
364953
914139
797484
382424
89849
560194
834031
57782
606269
392244
461559
857038
441924
272043
216495
198697
732588
469235
552161
623927
408824
419635
436449
52824
794174
751548
452843
650762
701129
806069
331051
23652
57356
259847
347974
945840
552749
903617
384359
110462
468656
743591
156577
920958
620997
387140
183645
285594
766369
784068
543660
659641
631970
840920
629977
384235
502440
855764
615348
698600
969178
484852
291136
956672
546052
770987
986384
133597
608998
503458
666280
88052
663089
312136
360394
280631
424338
669482
191014
885368
359959
630422
361514
318549
436037
470860
653745
16006
777012
806621
463155
960901
397241
307725
264947
93419
645783
114284
251591
895373
176313
890515
734243
357822
923894
790794
775832
676148
197284
328265
789401
966344
881515
73513
591277
180960
324477
339383
122870
804510
41841
56278
258716
127267
572939
426634
451040
286455
285950
61957
41499
640514
736024
179211
823072
120148
617397
104886
539997
682053
804933
739984
877856
303777
639062
754575
97064
199652
79683
308201
263669
61723
752181
574230
624871
704575
998290
488010
596113
837224
271708
851392
228050
189040
662512
967126
534795
474805
908919
633276
444715
28343
993776
931767
409156
66859
785617
375009
257555
79367
411380
108727
672663
426669
470300
623799
306882
359359
359940
343341
461123
365065
464302
167342
151621
886364
394692
383430
314857
937676
30514
245376
370444
787250
165401
53645
563421
381724
32541
398104
875787
61458
487107
846958
271672
256826
898187
988416
818345
275816
313583
969231
619879
823583
384128
464165
289824
195082
336382
744573
55457
160201
251914
436116
734779
440113
116718
472079
701073
814256
633215
20623
699087
355647
405538
304711
248255
209091
97077
223869
654535
865896
539876
157561
603804
78950
560880
170767
681830
466465
213834
472773
787108
170273
831132
400840
634537
21470
267117
481991
373706
139179
10249
56435
47088
255321
433581
231231
396053
361209
706143
903873
75451
687795
910458
751335
517490
561852
221080
595737
738425
526708
737882
676082
467495
669862
13250
977575
55716
970639
24662
17118
346148
604571
168083
943629
827299
587195
195266
900718
295114
856609
803823
817527
708237
888738
879441
339413
555627
109167
618604
300052
37740
445711
153163
695132
412195
444881
330430
883243
471948
190508
371319
502932
883919
283178
506783
544303
107634
80052
76039
377228
444118
763772
863548
962103
878942
371551
775503
927714
553513
492365
296638
355450
658651
316903
5528
157846
52688
173472
82496
955903
408748
660549
14128
128195
938610
398139
738570
468361
164531
325551
615179
784725
848241
69145
231192
304006
766516
2516
725723
363982
571096
45525
132305
649390
610956
244085
344968
417769
140936
650067
169492
156331
546922
459268
280306
6686
123903
14340
686327
884392
340017
261428
546390
384665
728018
761560
326787
448951
591189
62104
271390
663391
933730
938236
402659
404195
742808
367961
392445
758230
20247
964641
46417
469221
427702
264932
158566
610010
52667
186843
160376
127151
408986
968512
500481
554345
336841
157049
26475
841570
28283
399202
917872
306402
502029
428061
29424
650814
467790
885046
923856
31959
68285
258896
283786
888238
421080
965682
83483
942870
888840
837673
255867
273479
139523
776507
955791
54974
114668
965975
797258
114929
21570
601263
917469
799088
139936
138027
270701
301187
243856
453644
728312
930141
811869
803884
194224
574049
519344
593703
68272
990145
537339
489623
645309
178379
357661
126996
845459
814351
639993
250529
229211
60489
872080
631825
840276
448852
612337
843888
58109
496507
289688
69477
631489
924300
629408
902285
263811
140903
995270
711854
684099
924825
924883
831345
828464
262202
652847
601471
76652
779310
956391
328690
782035
326871
629045
394051
930612
754389
372963
272420
893695
197430
124405
849332
92844
805948
554628
609369
20758
745114
963866
985828
866371
529419
392690
983643
671167
702664
570924
427257
640683
923755
910796
277352
969040
887849
354012
295340
969346
799282
202762
953513
682778
155312
348506
684863
387813
682241
13591
965884
415257
934730
603451
186663
772863
203236
384721
119468
103502
113026
284689
752507
816345
643013
934527
231528
837247
165251
540139
605011
865848
735240
710977
670657
212146
839912
916801
97825
568272
898225
45858
848478
430541
825387
331551
884695
383823
712029
712796
634896
926065
704970
560917
981023
278382
597356
141767
382944
26973
641504
224617
172295
274705
759297
491504
602728
637899
477021
504638
531569
225486
317918
425122
818267
843973
347620
227595
438749
879475
262829
392273
675851
356383
228526
236722
566609
151285
100358
198633
729515
990896
59779
514502
818429
247668
240161
130081
114428
81911
680059
819500
171709
626870
403603
1671
559325
173768
797728
351597
192746
815166
845547