7942
1593
1713
5812
4955
6470
6504
530
9772
4104
6346
7839
576
5302
9148
749
73
5223
563
5894
6213
4536
714
1143
1532
8253
8012
8473
4442
9317
9674
891
3880
88
8807
1501
2345
4459
6973
3954
6732
1582
2475
6117
3875
2152
8779
900
3623
3476
4162
38
6688
9368
3242
9454
2201
8335
3905
7499
4443
8461
6183
2622
8041
1362
2815
9240
3793
8315
7419
9875
2052
331
9964
9771
5955
699
8627
6724
8307
2785
890
7089
8892
4867
9126
8522
5097
3760
3091
949
5890
1554
8991
1515
2187
1871
4175
9847
5701
9108
5548
4482
8340
4850
6527
1238
8638
3701
6111
3116
7747
7527
3851
6253
4833
1888
1854
6203
8660
4140
6353
854
8282
8271
7341
4614
1175
9558
7504
2905
6376
9058
9664
9198
2212
9229
2669
1465
2197
838
6164
6898
4306
2554
6022
6
9697
9448
5366
8294
861
9171
3104
282
9591
7613
3591
5522
7234
8166
4619
909
5882
7581
5732
5056
8836
4608
1400
6192
9761
6019
5086
9081
7422
5390
4789
3453
2945
7229
787
6412
3712
9807
594
1592
6939
5305
2430
2408
4079
2782
1038
7490
7394
9732
5711
8055
720
8476
5927
8981
1016
4104
9005
9546
2044
1416
2062
9856
1600
9552
1125
8941
8957
5953
4173
9409
6712
8039
5449
2974
2315
9864
2116
1374
1566
1893
7672
5428
5816
9607
6640
9994
6215
2356
3338
2100
6157
3935
904
1704
9656
5926
2032
4738
1510
8860