5258
3759
1049
3606
5225
6343
9348
573
8119
3238
4944
8344
5941
4303
5190
7345
8260
8219
9875
4509
4038
3828
535
549
3109
9011
6672
5436
3704
6766
2513
6873
4322
782
1190
7527
7941
104
9759
6293
14
7269
8551
1141
9614
1304
9717
8810
8187
7800
5606
854
258
5143
8988
6407
4397
4043
1281
3884
8416
7062
524
4686
2057
6331
367
2171
9988
1815
9064
5783
9325
3093
1385
8783
6926
9520
2013
8004
9429
7297
3232
1812
5835
804
2370
929
7660
1262
1051
2807
2087
2506
8784
5415
2819
241
4421
6444
6937
2109
344
4423
9788
7705
9973
8800
1983
8096
9888
6364
4321
1149
9853
5006
7728
2178
3700
5313
7421
4908
1523
2169
903
5573
2393
7995
2281
7106
3580
376
5802
8676
127
3009
3180
9442
9908
6147
9496
3493
3305
8707
4684
912
921
8217
3509
1662
5562
2260
3756
5983
2980
3059
546
2428
5664
6681
9915
881
3753
4220
7617
5852
951
9635
3922
8161
6424
2066
4844
4844
7593
39
9168
6863
430
1260
7825
1087
5190
6784
8767
2559
3393
8896
4519
7024
8009
5277
2210
5041
2645
1887
1900
9979
2715
3701
5980
9363
9815
7742
456
6537
8034
7052
9549
496
2729
3823
1446
6596
1680
1774
4112
8021
7655
3868
8726
7386
6625
6497
628
4594
3186
8832
891
4722
3089
1927
909
4212
9509
1343
7706
6917
5186
7348
4416
4157
8412
3117
8765
70
8989
8144
8626
3891
5932
8399
5760
1687
9913
6315
3791
4807
1774
8410
9666
1555
7497
4458
8475
4861
8333
6
8431
1564
3271
8939
7929
9037
1930
156
1016
9429
6657
9984
6978
3880
4585
9431
2900
4594
3778
8739
4641
8466
7856
1252
1316
4089
2431
6756
9475
728
3571
4617
1559
2687
6112
1047
3072
7255
7365
9858
2427
4502
9207
8227
4765
1721
6989
8470
9111
3762
8510
2409
2370
8176
515
7294
2839
2144
1682
4674
5780
2359
6780
3933
6535
7472
8442
4358
2599
9364
8155
1007
7286
9129
1928
1195
2724
3356
2385
7625
3934
106
3291
5195
4757
3635
1608
1560
9082
3259
6758
9939
6513
3597
5445
7103
6702
9833
9214
6025
6972
5920
1385
8786
2549
8454
1126
7206
2893
6339
2701
5375
9858
3902
5166
2093
5220
6331
9508
3830
2080
499
7432
6371
9296
2646
5123
2450
9113
5346
5577
5550
3885
8371
6467
9084
5205
275
1522
6692
6878
8509
7086
6557
3157
6051
7974
3864
1558
1426
7067
605
6936
9293
3463
2353
6114
4306
2312
9011
9304
5948
6681
2307
4431
767
1739
4156
443
2744
6548
3571
3513
3844
8039
3961
2437
2518
8202
8357
9845
500
6449
1965
2576
4811
2274
3195
2610
8901
9543
4773
9748
7123
5418
6908
5818
127
8668
7353
8506
1582
8474
1899
4448
5833
5126
4013
1154
753
5782
9831
1418
7983
5150
2312
2640
8995
5646
5548
2167
7569
7302
2315
2846
2937
6998
6178
8327
2046
8894
9798