783
6615
1776
689
4300
3855
886
973
3374
8106
3934
1774
3073
881
592
2145
183
2924
7152
6820
5734
299
6720
4074
5646
2941
8699
6669
2183
5942
700
1741
4241
9640
3614
4786
2612
2469
3471
2475
6816
1429
4205
9546
9127
8485
6151
1205
8819
8781
2933
9810
6294
6646
5522
1588
1586
4353
8675
6604
9690
8319
979
3343
2551
3866
9140
7657
781
5629
1047
4131
3329
9964
7765
7487
5111
6362
2163
5750
351
1599
8897
4269
7417
6308
7752
1025
3824
8768
224
957
569
7197
9830
4552
3292
2183
1911
7788
2081
7060
3748
8127
4558
9667
9783
1100
4850
7652
7315
833
9122
8749
8858
3522
1881
8815
9773
9184
1683
6414
1748
9965
3633
7840
191
7928
7527
3353
5067
2518
7382
3160
9152
6455
7343
7784
1590
6048
7322
3707
6626
651
8269
8411
7708
4379
7997
1972
4856
4167
3406
98
1539
1005
3546
2486
8278
2162
2717
2405
3536
4697
6944
4497
7939
9848
9044
7547
9493
1787
1388
9029
659
5175
3259
5787
8451
8743
7141
634
1878
7664
1821
9741
9419
3928
1296
2755
2063
9332
2700
9969
9732
1059
2922
2289
3569
9747
5982
758
8187
5325
6927
6742
4747
620
3051
3456
2067
403
3535
5968
3557
396
4970
7775
3627
765
610
7183
3588
1820
1789
1146
6262
5119
7410
2609
8189
7736
7224
6664
7167
7754
6718
9161
5953
8699
5329
4698
9281
8480
587
9918
8445
514
192
9004
550
1989
1176
5544
8547
7188
8774
6590
666
2831
7510
4488
8963
6357
1752
3075
5446
3917
8628
8264
5268
2089
228
6132
4802
3306
581
4550
1917
3489
3282
2323
3172
5646
7235
3348
4200
653
8245
3696
2665
7281
1827
6027
4953
7942
930
7421
2285
7650
5303
4421
7548
5241
8226
6002
6659
3984
1165
3844
2014
8118
7933
7372
7079
9116
4850
2319
7658
296
3466
115
4348
2216
5341
102
2300
896
3567
3227
5421
4915
3998
4971
1306
763
1718
8385
3719
2852
4841
8753
8089
5595
1319
2883
5648
2611
3651
7318
9648
8508
6468
3282
3991
3885
8350
1681
3860
3407
9871
9293
7918
32
5679
8690
2908
1532
4736
9184
4497
2595
3831
7885
2449
2141
7146
6506
1205
5117
1208
3386
2290
6736
5436
5386
1511
5859
3000
8378
6851
9274
3901
3912
546
503
614
2210
2035
874
3442
7019
7446
3137
6375
8581
3372
8748
5339
369
1132
2084
2549
5966
3438
348
194
8547
7998
2403
7866
4142
3935
8025
5253
7699
8608
5492
306
5916
7084
1626
5895
6173
8602
8138
8814
597
1582
8204
6176
396
625
6957
1829
216
5821
1578
373
4588
3621
1374
6547
9981
1096
5091
5497
9050
5246
3435
9055
5012
4867
9731
421
8234
539
3893
6820
7854
7048
1977
3347
7487
2232
1058
3583
293
8127
2739
3512
9975
5860
6078
7643
5479
5774
1820
8560
8427
2923
7734
1707
7961
9490
9400
9345
2345
7651
9214
9583
3745
8673
2140
5774
20
3196
9205
3675
592
1480
5064
73
1291
3501
3120
6197
4640
8531
3211
4918
7895
3234
1285
3888
3776
879
5628
8369
2174
8603
2000
9611
9074
3236
4901
8816
165
6579
4594
3285
4236
9858
6310
1209
4061
6976
3177
3648
84
3998
1701
5558
9663
274
8360
5178
3186
7775
5025
816
2189
2769
3700
9594
166
4502
3396
2148
9152
3546
9728
1388
8039
9086
292
9632
2689
5252
805
7335
3203
7974
1494
2310
3796
6343
3767
906
5424
1336
9445
25
7415
9333
4929
2233
2824
5164
1656
1691
8900
1354
9589
8425
9135
8885
3708
6682
1012
4224
1228
3510
6322
736
4424
7564
1926
2598
1180
8660
3377
7878
2652
8250
4542
7490
9175
3429
7109
8628
4465
7566
4809
5427
4215
6320
7193
1621
8450
518
8959
9323
5161
3337
5708
2635
9480
2466
3246
9899
505
260
4521
6599
1445
4410
4101
5608
4341
2332
1606
6893
5252
1488
4047
996
7824
657
508
7478
274
5268
9429
360
6668
75
6390
4660
5574
2679
2108
287
2264
4714
4203
2142
3931
8204
6390
4112
2917
7200
5224
602
4968
6276
4155
2421
311
5620
8156
9553
9653
2544
3640
3729
8453
1659
996
8342
5638
198
5184
6350
5929
876
4294
8949
7037
2850
3028
4830
3390
7341
4278
5727
6076
6358
9259
7265
750
7898
4850
8165
4038
4718
6584
1618
8955
925
8227
4443
4241
4129
4219
9797
8639
2235
6870